0.478682 -0.87775 0.0204598 0.683952 0.877971 0.478687 -0.00496789 0.553054 -0.0054333 0.0203412 0.999778 0
0.477483 -0.87854 0.0133148 1.37729 0.878638 0.477465 -0.0046714 1.83719 -0.00225332 0.0139294 0.9999 0
0.483979 -0.875032 0.00916632 2.78867 0.875079 0.483965 -0.00391975 4.9732 -0.00100627 0.00991833 0.99995 0
0.483148 -0.875487 0.00953179 4.17261 0.875539 0.48312 -0.00518687 7.51065 -6.39692e-05 0.0108515 0.999941 0
0.483368 -0.875393 0.00659849 5.2665 0.875417 0.483356 -0.00339879 9.63145 -0.000214144 0.00741929 0.999972 0
0.482237 -0.876029 0.00450285 6.42188 0.87604 0.482239 -0.000641074 11.7479 -0.00160985 0.00425382 0.99999 0
0.478525 -0.878056 0.00562308 7.33531 0.87807 0.478532 -0.000243214 13.2669 -0.00247727 0.00505384 0.999984 0
0.476454 -0.879134 0.0107896 8.10881 0.879199 0.476436 -0.00435473 14.6564 -0.00131217 0.011561 0.999932 0
0.475002 -0.879933 0.00960919 8.7554 0.879984 0.474986 -0.00401183 15.9173 -0.00103409 0.0103616 0.999946 0
0.474359 -0.880302 0.00721101 9.43151 0.880327 0.474368 -0.000463174 17.1576 -0.00301294 0.00656775 0.999974 0
0.473789 -0.880631 0.0036648 10.1276 0.88062 0.473802 0.00445297 18.376 -0.00565781 0.00111753 0.999983 0
0.475661 -0.87962 0.00397517 10.5272 0.879571 0.475677 0.00926521 19.1342 -0.0100408 -0.000910663 0.999949 0
0.47727 -0.878732 0.00656453 10.8807 0.878669 0.477315 0.0105588 19.7894 -0.0124117 0.000728638 0.999923 0
0.480508 -0.876969 0.00616522 11.1068 0.876901 0.480548 0.0108981 20.2868 -0.01252 0.000169653 0.999922 0
0.482681 -0.875762 0.00774181 11.355 0.875725 0.482736 0.00852054 20.7731 -0.0111992 0.00266699 0.999934 0
0.483385 -0.875323 0.012234 11.6106 0.875383 0.48343 0.000824519 21.2369 -0.006636 0.0103109 0.999925 0
0.483799 -0.875158 0.00607025 11.7633 0.875173 0.48381 0.000270667 21.5345 -0.00317373 0.00518157 0.999982 0
0.484132 -0.874988 0.00353891 11.9016 0.874987 0.484141 0.00237639 21.7907 -0.00379265 0.00194601 0.999991 0
0.484445 -0.874817 0.00288194 12.0464 0.874797 0.484454 0.00586762 22.0583 -0.00652926 -0.000321425 0.999979 0
0.483381 -0.875268 0.0157894 12.1433 0.875331 0.483501 0.00471868 22.2114 -0.0117643 0.01154 0.999864 0
0.482608 -0.875387 0.0280509 11.6964 0.87576 0.482741 -0.00228227 21.3503 -0.0115434 0.0256673 0.999604 0
0.48235 -0.875589 0.026144 11.3499 0.875933 0.482415 -0.00415848 20.6772 -0.00897116 0.0249062 0.99965 0
0.481261 -0.87628 0.022818 11.8093 0.876561 0.481247 -0.0064579 21.5124 -0.00532216 0.0231093 0.999719 0
0.479657 -0.877271 0.0180463 12.2949 0.877449 0.479636 -0.00574991 22.416 -0.00361143 0.0185927 0.999821 0
0.478546 -0.877933 0.0150648 12.7928 0.878052 0.478553 -0.0034045 23.3244 -0.00422037 0.0148569 0.999881 0
0.477731 -0.878374 0.0152228 13.2753 0.878483 0.477773 -0.000984426 24.2289 -0.00640833 0.0138432 0.999884 0
0.476702 -0.878911 0.0164433 13.7527 0.879019 0.476786 0.0013742 25.136 -0.00904773 0.0137989 0.999864 0
0.475897 -0.87931 0.0183221 14.229 0.879424 0.476027 0.00328668 26.0454 -0.0116118 0.0145488 0.999827 0
0.475831 -0.879292 0.0207667 14.6905 0.879422 0.476017 0.00488535 26.9192 -0.014181 0.0159381 0.999772 0
0.475361 -0.87954 0.0210287 15.1504 0.879626 0.475598 0.00797845 27.7896 -0.0170186 0.0147047 0.999747 0
0.475312 -0.879566 0.0210469 15.6209 0.879632 0.475567 0.00917193 28.6672 -0.0180765 0.014154 0.999736 0
0.475504 -0.87943 0.0223212 16.0872 0.879554 0.475748 0.00696014 29.5413 -0.0167402 0.0163231 0.999727 0
0.475928 -0.879224 0.0214078 16.5708 0.879367 0.476121 0.00472651 30.421 -0.0143484 0.0165758 0.99976 0
0.474975 -0.879802 0.0186463 17.0425 0.8799 0.475133 0.00493894 31.343 -0.0132048 0.014061 0.999814 0
0.474132 -0.880255 0.0186939 17.5111 0.880346 0.474299 0.00556365 32.2433 -0.0137639 0.0138192 0.99981 0
0.47348 -0.880566 0.0205299 17.9853 0.880678 0.473679 0.00596307 33.1256 -0.0149755 0.0152569 0.999771 0
0.473529 -0.880488 0.0226273 18.4628 0.880672 0.473715 0.00334179 34.0129 -0.0136613 0.0183448 0.999738 0
0.472804 -0.880991 0.0176616 18.9082 0.881122 0.472889 0.000702995 34.8617 -0.0089713 0.0152296 0.999844 0
0.472441 -0.881306 0.00996906 19.363 0.881342 0.472477 0.00148714 35.714 -0.00602078 0.00808356 0.999949 0
0.471999 -0.881545 0.00982087 19.827 0.881565 0.472049 0.00351713 36.5991 -0.00773644 0.00699765 0.999946 0
0.471959 -0.881485 0.0154804 20.3033 0.881543 0.472077 0.00497265 37.4668 -0.0116913 0.0112998 0.999868 0
0.471784 -0.881475 0.0205513 20.7669 0.881597 0.471973 0.00530188 38.3145 -0.0143731 0.0156166 0.999775 0
0.471647 -0.881482 0.0232161 21.2324 0.881666 0.471855 0.00418055 39.1718 -0.0146397 0.0184971 0.999722 0
0.471419 -0.881588 0.02383 21.6869 0.881812 0.471596 0.0020995 40.0156 -0.013089 0.0200238 0.999714 0
0.470883 -0.881881 0.0235558 22.1436 0.882114 0.471035 0.00102201 40.8683 -0.0119969 0.0202976 0.999722 0
0.469901 -0.882345 0.025705 22.5659 0.882599 0.470118 0.00279238 41.7221 -0.0145482 0.0213751 0.999666 0
0.468787 -0.882849 0.0285836 23.0298 0.8831 0.469138 0.00670336 42.5667 -0.0193277 0.0220997 0.999569 0
0.468279 -0.883046 0.0307233 23.4911 0.883278 0.468746 0.00987311 43.4207 -0.0231198 0.0225138 0.999479 0
0.467482 -0.883467 0.0307782 23.8946 0.883757 0.467889 0.00728139 44.2392 -0.0208337 0.0237966 0.9995 0
0.466228 -0.884195 0.0288318 24.3331 0.884536 0.466468 0.00184899 45.0722 -0.015084 0.0246407 0.999583 0
0.465387 -0.884754 0.0250116 24.7691 0.885064 0.465459 -0.00322374 45.9157 -0.00878966 0.0236372 0.999682 0
0.464783 -0.885228 0.0186801 25.2005 0.885402 0.464818 -0.00268409 46.7656 -0.00630682 0.0177869 0.999822 0
0.464297 -0.885559 0.0146376 25.6407 0.885639 0.464371 0.00187725 47.5999 -0.00845969 0.012092 0.999891 0
0.463113 -0.886155 0.0159984 26.0444 0.886221 0.463237 0.00499387 48.3816 -0.0118364 0.0118654 0.99986 0
0.462062 -0.886685 0.0170047 26.4306 0.886743 0.462217 0.00649684 49.1586 -0.0136205 0.0120769 0.999834 0
0.460442 -0.887545 0.0160248 26.8183 0.887589 0.460587 0.00670805 49.906 -0.0133345 0.0111347 0.999849 0
0.459456 -0.888064 0.015591 27.2008 0.888103 0.459595 0.00675924 50.6555 -0.0131682 0.0107409 0.999856 0
0.458039 -0.888822 0.0139688 27.5802 0.888828 0.45817 0.00812281 51.3972 -0.0136198 0.00869527 0.999869 0
0.456883 -0.889425 0.0134805 27.957 0.889411 0.457015 0.00923284 52.1408 -0.0143727 0.00777139 0.999867 0
0.455787 -0.890013 0.0116499 28.3363 0.889919 0.455917 0.0135616 52.8899 -0.0173814 0.00418631 0.99984 0
0.454513 -0.89068 0.0103509 28.697 0.890519 0.454628 0.0170257 53.6098 -0.0198703 0.00147925 0.999802 0
0.452861 -0.891491 0.0126758 29.0315 0.891328 0.453025 0.0173758 54.2966 -0.0212328 0.00342943 0.999769 0
0.451683 -0.89206 0.0145417 29.3674 0.891963 0.451872 0.0146021 54.9739 -0.019597 0.00637512 0.999788 0
0.450781 -0.892547 0.0125164 29.6579 0.892533 0.450897 0.0087445 55.6006 -0.0134485 0.00722941 0.999883 0
0.449796 -0.893081 0.00952369 29.9786 0.893106 0.449839 0.00281882 56.2368 -0.00680156 0.00723776 0.999951 0
0.449378 -0.893331 0.00443741 30.2941 0.893335 0.449389 0.00173852 56.8832 -0.0035472 0.00318284 0.999989 0
0.448784 -0.893635 0.00328791 30.6099 0.893622 0.448795 0.00480594 57.5112 -0.00577035 0.000781316 0.999983 0
0.447655 -0.894199 0.00382281 30.9213 0.894165 0.447671 0.00777171 58.1405 -0.00866082 -6.08251e-05 0.999963 0
0.446647 -0.89467 0.00846568 31.1947 0.894674 0.446694 0.00478031 58.7026 -0.00805837 0.00543891 0.999953 0
0.446518 -0.894701 0.0114808 31.4566 0.894767 0.44653 -0.00165888 59.2017 -0.00364231 0.0110134 0.999933 0
0.447455 -0.894228 0.0119016 31.7167 0.894306 0.447401 -0.00698139 59.7104 0.000918151 0.0137675 0.999905 0
0.450364 -0.892804 0.00852062 31.983 0.892843 0.450323 -0.00637812 60.2506 0.00185738 0.01048 0.999943 0
0.453757 -0.891114 0.00454856 32.2525 0.891125 0.453753 -0.00203945 60.7964 -0.000246538 0.00497875 0.999988 0
0.457689 -0.889105 0.00383592 32.5174 0.889108 0.457696 0.00128258 61.3195 -0.00289603 0.00282352 0.999992 0
0.462304 -0.886655 0.010831 32.7827 0.886681 0.462365 0.00384407 61.7849 -0.00841625 0.00782654 0.999934 0
0.469193 -0.882934 0.0169014 33.0198 0.883011 0.469327 0.00488826 62.2542 -0.0122483 0.0126305 0.999845 0
0.478405 -0.877956 0.0179661 33.2535 0.878032 0.478567 0.00585947 62.7271 -0.0137423 0.0129716 0.999821 0
0.489978 -0.871595 0.0156555 33.5088 0.87162 0.490126 0.00745662 63.1804 -0.0141723 0.00999203 0.99985 0
0.504671 -0.863225 0.0122586 33.7576 0.863186 0.504789 0.00993098 63.6237 -0.0147607 0.00556957 0.999876 0
0.526702 -0.84999 0.0100858 34.0662 0.849897 0.526795 0.0127672 63.9832 -0.0161652 0.0018474 0.999868 0
0.549289 -0.835565 0.0106524 34.3706 0.835447 0.549391 0.0140755 64.3398 -0.0176133 0.00116804 0.999844 0
0.575489 -0.817642 0.0165672 34.5951 0.817539 0.575701 0.0140961 64.698 -0.0210633 0.00543218 0.999763 0
0.603704 -0.796934 0.0209339 34.8172 0.796858 0.604009 0.0137972 65.064 -0.0236398 0.00835188 0.999686 0
0.633861 -0.773102 0.0231073 35.0694 0.773038 0.634214 0.0135799 65.4143 -0.0251536 0.00925507 0.999641 0
0.667257 -0.744471 0.0230561 35.3712 0.744378 0.66761 0.0140756 65.7487 -0.0258714 0.0077704 0.999635 0
0.703024 -0.710815 0.0223584 35.7088 0.710692 0.703355 0.0144254 66.0463 -0.0259797 0.00574853 0.999646 0
0.740911 -0.671233 0.0222717 35.9931 0.671099 0.741233 0.0141488 66.2828 -0.0260056 0.00446347 0.999652 0
0.77696 -0.629186 0.021406 36.2917 0.62905 0.777249 0.0134159 66.4881 -0.0250789 0.00304189 0.999681 0
0.812426 -0.582718 0.0200852 36.641 0.582578 0.812674 0.012811 66.7025 -0.0237879 0.00129316 0.999716 0
0.846558 -0.531926 0.0198692 37.0119 0.53178 0.846791 0.0124672 66.9178 -0.0234567 1.18888e-05 0.999725 0
0.878617 -0.477138 0.0192782 37.3767 0.477012 0.878829 0.0109351 67.1041 -0.0221598 -0.000411785 0.999754 0
0.907764 -0.419088 0.0181745 37.7393 0.418986 0.907945 0.00927864 67.2645 -0.02039 -0.00080794 0.999792 0
0.933154 -0.359047 0.0175929 38.115 0.358955 0.933319 0.00823065 67.3953 -0.019375 -0.00136541 0.999811 0
0.954162 -0.298716 0.0185522 38.4901 0.298615 0.95434 0.00805029 67.4971 -0.0201098 -0.00214134 0.999795 0
0.970984 -0.238164 0.021629 38.8449 0.237997 0.971214 0.0100339 67.5593 -0.0233961 -0.0045951 0.999716 0
0.983788 -0.177754 0.023769 39.197 0.177533 0.984052 0.0111209 67.59 -0.0253667 -0.0067208 0.999656 0
0.992772 -0.117655 0.0236909 39.5531 0.117458 0.993032 0.00952694 67.5656 -0.0246467 -0.00667539 0.999674 0
0.997984 -0.0589878 0.0234122 39.9188 0.0588495 0.998245 0.00655097 67.5331 -0.0237575 -0.00515997 0.999704 0
0.999705 -0.00442666 0.0238822 40.2898 0.00429374 0.999975 0.00561214 67.511 -0.0239065 -0.00550795 0.999699 0
0.998505 0.0495217 0.0231517 40.6752 -0.0497444 0.99872 0.00914316 67.5336 -0.0226693 -0.0102812 0.99969 0
0.994716 0.10019 0.0224259 41.061 -0.100466 0.994874 0.0115495 67.538 -0.0211538 -0.0137415 0.999682 0
0.989209 0.145233 0.0193405 41.4581 -0.145396 0.989347 0.00730851 67.521 -0.018073 -0.0100417 0.999786 0
0.982029 0.187919 0.0174637 41.8962 -0.187937 0.982181 -0.000581345 67.4872 -0.0172617 -0.00271118 0.999847 0
0.974231 0.224801 0.0183977 42.2929 -0.224728 0.974403 -0.00597158 67.4592 -0.0192692 0.00168323 0.999813 0
0.965875 0.25813 0.0213007 42.6473 -0.25807 0.96611 -0.00558635 67.393 -0.0220208 -0.00010136 0.999758 0
0.957243 0.288468 0.0217288 42.9875 -0.288544 0.957467 0.00035217 67.2798 -0.0207031 -0.00660683 0.999764 0
0.948494 0.316205 0.0193217 43.3346 -0.316364 0.948621 0.00573521 67.1009 -0.0165154 -0.0115525 0.999797 0
0.939938 0.340976 0.0158953 43.6929 -0.341113 0.939997 0.00683101 66.9567 -0.0126124 -0.0118428 0.99985 0
0.931443 0.363701 0.0116571 44.1026 -0.363754 0.931491 0.0027542 66.8144 -0.00985676 -0.00680569 0.999928 0
0.923346 0.383916 0.00634986 44.5158 -0.38392 0.923366 -0.000688099 66.6666 -0.00612741 -0.00180248 0.99998 0
0.915736 0.401781 0.000105301 44.9083 -0.401781 0.915736 -0.000286168 66.5022 -0.000211402 0.000219744 1 0
0.908244 0.418428 -0.00328935 45.3298 -0.418416 0.908247 0.00383493 66.3099 0.00459219 -0.00210674 0.999987 0
0.901316 0.433163 -0.00054722 45.7643 -0.433142 0.901283 0.00883822 66.0985 0.00432159 -0.007729 0.999961 0
0.894916 0.446189 0.00635663 46.1938 -0.446234 0.894825 0.0128143 65.879 2.95269e-05 -0.0143043 0.999898 0
0.888823 0.458089 0.0121666 46.6089 -0.458232 0.888715 0.0144928 65.6422 -0.00417366 -0.0184566 0.999821 0
0.882829 0.469485 0.0140294 47.0369 -0.46965 0.882765 0.0124474 65.3855 -0.00654077 -0.0175779 0.999824 0
0.877655 0.479173 0.0107025 47.5074 -0.479265 0.877625 0.00895378 65.1257 -0.00510235 -0.0129877 0.999903 0
0.873032 0.487604 0.00762508 47.975 -0.487646 0.873025 0.00535045 64.8596 -0.00404798 -0.00838945 0.999957 0
0.869603 0.493694 0.00757598 48.4673 -0.493733 0.869601 0.00472423 64.5865 -0.00425575 -0.00784872 0.99996 0
0.867724 0.496999 0.00689969 48.9647 -0.497037 0.867711 0.00569654 64.3146 -0.00315576 -0.00837243 0.99996 0
0.864924 0.501853 0.00704915 49.4655 -0.501897 0.864897 0.00726828 63.9881 -0.00244917 -0.00982446 0.999949 0
0.86221 0.506504 0.00693075 49.9765 -0.506547 0.862176 0.00790203 63.6664 -0.00197312 -0.010324 0.999945 0
0.860556 0.509301 0.00749648 50.5289 -0.509352 0.860514 0.00870948 63.3538 -0.00201508 -0.0113133 0.999934 0
0.858911 0.51208 0.0067158 51.0787 -0.512118 0.858893 0.00617433 63.0343 -0.0026064 -0.00874248 0.999958 0
0.857274 0.514826 0.00590754 51.6381 -0.514849 0.857275 0.00318893 62.7106 -0.00342264 -0.00577527 0.999977 0
0.85653 0.516086 0.00359996 52.2246 -0.516087 0.856536 -0.000610358 62.3697 -0.00339849 -0.0013351 0.999993 0
0.856539 0.516082 0.000602499 52.8153 -0.51607 0.856526 -0.00582786 62.0407 -0.00352371 0.00468086 0.999983 0
0.858074 0.513517 -0.00324952 53.4753 -0.513518 0.858003 -0.0114201 61.6723 -0.0030763 0.0114679 0.99993 0
0.85999 0.510276 -0.00601526 54.1235 -0.510305 0.859857 -0.0153357 61.2997 -0.00265318 0.0162582 0.999864 0
0.862379 0.506233 -0.00558717 54.7481 -0.506256 0.862254 -0.0149187 60.9222 -0.00273475 0.0156941 0.999873 0
0.864747 0.502189 -0.00433258 55.3744 -0.502194 0.864625 -0.0150331 60.5364 -0.00380342 0.0151756 0.999878 0
0.86686 0.498548 -0.00211941 56.0213 -0.498524 0.866756 -0.014401 60.1474 -0.0053426 0.0135403 0.999894 0
0.868978 0.494851 -0.000308905 56.7052 -0.494802 0.868884 -0.0145642 59.7549 -0.00693869 0.0128088 0.999894 0
0.871269 0.4908 0.00241103 57.4178 -0.490732 0.871212 -0.0130762 59.3792 -0.00851833 0.0102097 0.999912 0
0.873437 0.486931 0.00244581 58.1178 -0.486852 0.873367 -0.0143479 59.0013 -0.00912255 0.0113413 0.999894 0
0.875429 0.483348 -0.000179581 58.8242 -0.483275 0.875291 -0.0176473 58.6131 -0.00837261 0.0155358 0.999844 0
0.876643 0.48114 -0.00136811 59.5281 -0.481106 0.876539 -0.0147141 58.216 -0.00588031 0.0135572 0.999891 0
0.876235 0.481882 -0.00146151 60.264 -0.481882 0.876218 -0.00559624 57.7932 -0.00141613 0.0056079 0.999983 0
0.875679 0.482895 -2.39182e-05 61.0028 -0.482894 0.875679 0.000190212 57.3997 0.000112799 -0.000155016 1 0
0.875324 0.483533 0.00201923 61.7337 -0.483537 0.875315 0.00397281 57.0171 0.000153531 -0.00445387 0.99999 0
0.8759 0.482462 0.00549077 62.3932 -0.482485 0.875895 0.00400638 56.6676 -0.00287641 -0.0061584 0.999977 0
0.876258 0.481781 0.0077733 63.1166 -0.481822 0.876256 0.00474454 56.2966 -0.00452557 -0.00790279 0.999959 0
0.876317 0.481658 0.00862738 63.8612 -0.481711 0.876313 0.00552945 55.8959 -0.00489697 -0.00900145 0.999947 0
0.876238 0.481824 0.0072513 64.5949 -0.481859 0.876238 0.00434209 55.4819 -0.00426174 -0.00729882 0.999964 0
0.87609 0.482107 0.00628431 65.3367 -0.482138 0.876083 0.004739 55.0728 -0.00322087 -0.00718169 0.999969 0
0.875199 0.48369 0.00842022 66.0589 -0.483752 0.875164 0.00846831 54.6903 -0.00327303 -0.0114848 0.999929 0
0.873608 0.486492 0.0116234 66.7645 -0.486612 0.873534 0.0121049 54.3169 -0.00426452 -0.016231 0.999859 0
0.871351 0.490456 0.0141318 67.4653 -0.490628 0.871262 0.0136772 53.948 -0.0056044 -0.0188511 0.999807 0
0.868226 0.495905 0.0161695 68.1744 -0.496113 0.868156 0.013313 53.5628 -0.00743569 -0.0195806 0.999781 0
0.864526 0.502327 0.0162066 68.8885 -0.50251 0.864511 0.0102377 53.167 -0.00886808 -0.0169947 0.999816 0
0.860258 0.509655 0.0144266 69.6029 -0.509772 0.86029 0.00588181 52.7616 -0.00941335 -0.0124141 0.999879 0
0.85481 0.518735 0.0146443 70.3231 -0.518862 0.854832 0.0066065 52.3254 -0.00909143 -0.0132457 0.999871 0
0.849099 0.528037 0.0144011 70.9537 -0.528175 0.849096 0.00824592 51.9274 -0.00787377 -0.0146079 0.999862 0
0.84309 0.537517 0.0165929 71.6343 -0.537708 0.843066 0.0104713 51.4903 -0.00836045 -0.0177504 0.999808 0
0.836834 0.547162 0.0179535 72.306 -0.547379 0.836817 0.010667 51.0531 -0.00918726 -0.0187539 0.999782 0
0.830867 0.556167 0.0183708 72.9803 -0.556385 0.830865 0.00993211 50.616 -0.0097397 -0.0184735 0.999782 0
0.824861 0.565043 0.0182235 73.6557 -0.565251 0.824868 0.00916166 50.1798 -0.00985523 -0.0178579 0.999792 0
0.818808 0.573765 0.0186635 74.2881 -0.573982 0.818815 0.00932965 49.7332 -0.00992891 -0.0183517 0.999782 0
0.812845 0.582179 0.0187217 74.9242 -0.582409 0.812828 0.0105196 49.2799 -0.00909323 -0.0194545 0.999769 0
0.806982 0.590303 0.0179564 75.537 -0.590521 0.806948 0.0109311 48.83 -0.00803721 -0.0194248 0.999779 0
0.801445 0.597845 0.0163894 76.1277 -0.59803 0.801405 0.0105124 48.3774 -0.00684973 -0.0182264 0.99981 0
0.795837 0.605338 0.0144782 76.7049 -0.605482 0.795806 0.00921058 47.9428 -0.00594632 -0.0160964 0.999853 0
0.790372 0.612468 0.0139635 77.2836 -0.612603 0.790338 0.00911018 47.4967 -0.00545622 -0.0157545 0.999861 0
0.785058 0.619279 0.0133102 77.8736 -0.619394 0.785045 0.00740151 47.0366 -0.00586551 -0.0140549 0.999884 0
0.781142 0.624203 0.0137341 78.4579 -0.624316 0.781148 0.00609356 46.5796 -0.00692479 -0.0133344 0.999887 0
0.778337 0.627691 0.0140206 79.0251 -0.62778 0.778386 0.0027212 46.1331 -0.00920536 -0.0109199 0.999898 0
0.776606 0.629847 0.0133115 79.5737 -0.629877 0.776692 -0.00232542 45.6915 -0.0118036 -0.0065787 0.999909 0
0.775677 0.630997 0.0129695 80.1123 -0.630963 0.775781 -0.00707771 45.2545 -0.0145275 -0.00269328 0.999891 0
0.775111 0.631728 0.011109 80.6427 -0.631633 0.775189 -0.0110443 44.8203 -0.0155885 0.0015437 0.999877 0
0.775691 0.631041 0.00954132 81.1487 -0.630935 0.775743 -0.0119877 44.3988 -0.0149663 0.00327877 0.999883 0
0.777316 0.629044 0.00909767 81.6349 -0.628971 0.777367 -0.00979362 43.9927 -0.0132328 0.00189056 0.999911 0
0.780492 0.625153 0.00410556 82.1262 -0.625064 0.780466 -0.0129219 43.5942 -0.0112824 0.00751923 0.999908 0
0.785677 0.618635 -0.00140875 82.5667 -0.618554 0.785533 -0.0181358 43.2428 -0.0101128 0.0151202 0.999835 0
0.791772 0.61079 -0.00576067 83.0186 -0.610756 0.791524 -0.021599 42.9003 -0.00863276 0.0206199 0.99975 0
0.799511 0.600605 -0.00753539 83.4627 -0.600608 0.799236 -0.0221784 42.5766 -0.00729787 0.0222576 0.999726 0
0.808796 0.588036 -0.00801207 83.9019 -0.588058 0.808534 -0.0214631 42.271 -0.00614306 0.0220708 0.999738 0
0.819972 0.57234 -0.00856134 84.3387 -0.572388 0.819749 -0.0195887 41.9756 -0.00419323 0.0209626 0.999771 0
0.833522 0.552413 -0.00903043 84.7845 -0.552484 0.833349 -0.0170418 41.7113 -0.00188859 0.0191938 0.999814 0
0.850432 0.526015 -0.00866527 85.1671 -0.526086 0.850331 -0.013099 41.4807 0.0004781 0.0156984 0.999877 0
0.866858 0.498496 -0.00772909 85.5739 -0.498553 0.866799 -0.0102017 41.2576 0.00161405 0.0126968 0.999918 0
0.883618 0.468155 -0.00710852 86.0295 -0.468208 0.883553 -0.010755 41.0403 0.00124573 0.0128316 0.999917 0
0.901645 0.432458 -0.00404492 86.5567 -0.432474 0.90157 -0.0116966 40.8318 -0.00141148 0.0122955 0.999923 0
0.919582 0.392898 -2.83483e-05 87.0817 -0.392869 0.919514 -0.0121791 40.6501 -0.00475908 0.0112108 0.999926 0
0.936903 0.349565 0.0042022 87.6027 -0.349502 0.936868 -0.0112332 40.5128 -0.00786366 0.00905578 0.999928 0
0.954517 0.298108 0.00545315 88.0754 -0.298037 0.954491 -0.0109814 40.4397 -0.00847863 0.00885668 0.999925 0
0.96971 0.244188 0.00592424 88.546 -0.244116 0.969686 -0.0108319 40.3874 -0.00838967 0.00905762 0.999924 0
0.982587 0.185758 0.00408152 89.0245 -0.185691 0.98252 -0.0132066 40.3514 -0.00646341 0.0122187 0.999905 0
0.992841 0.119432 -0.00146088 89.5144 -0.11944 0.992702 -0.0166545 40.3117 -0.000538866 0.0167097 0.99986 0
0.998684 0.0508124 -0.00699901 89.995 -0.0509357 0.998526 -0.018737 40.315 0.00603662 0.0190688 0.9998 0
0.999757 -0.0191968 -0.0108433 90.4643 0.0189973 0.999654 -0.0182087 40.3653 0.0111891 0.0179983 0.999775 0
0.995817 -0.0904351 -0.0130597 90.9367 0.090219 0.995789 -0.0162829 40.4599 0.0144772 0.0150365 0.999782 0
0.986786 -0.161401 -0.0142253 91.409 0.161173 0.986798 -0.0159433 40.5844 0.0166107 0.0134399 0.999772 0
0.972918 -0.230747 -0.0136998 91.858 0.230493 0.97291 -0.0178838 40.6956 0.0174553 0.0142418 0.999746 0
0.954673 -0.297469 -0.0106138 92.2892 0.297268 0.954639 -0.0171949 40.8728 0.0152473 0.0132604 0.999796 0
0.931882 -0.362715 -0.00588528 92.7138 0.362588 0.931814 -0.0158744 41.0775 0.0112419 0.0126591 0.999857 0
0.904956 -0.425505 0.000198609 93.1684 0.425477 0.904891 -0.0119107 41.3246 0.00488833 0.0108631 0.999929 0
0.875122 -0.483875 0.00509275 93.5982 0.483902 0.875072 -0.00938643 41.5535 8.53422e-05 0.0106787 0.999943 0
0.843737 -0.536682 0.00893571 93.9638 0.536731 0.843742 -0.00436172 41.799 -0.00519858 0.00847621 0.999951 0
0.813931 -0.580882 0.00966324 94.3165 0.580905 0.813972 0.000511589 42.0049 -0.00816278 0.00519702 0.999953 0
0.78719 -0.616657 0.00806693 94.6616 0.616608 0.787231 0.00791313 42.2213 -0.0112302 -0.00125501 0.999936 0
0.770675 -0.637217 0.00385888 95.0331 0.637147 0.770659 0.0113105 42.5541 -0.0101811 -0.00625803 0.999929 0
0.752421 -0.658683 0.000801883 95.3826 0.658647 0.752392 0.00952372 42.8422 -0.00687644 -0.00663769 0.999954 0
0.734455 -0.678642 0.00470137 95.7411 0.678599 0.734464 0.00807049 43.179 -0.00892996 -0.00273706 0.999956 0
0.722149 -0.691692 0.00797647 96.113 0.691657 0.722193 0.00692071 43.5062 -0.0105475 0.000519195 0.999944 0
0.712911 -0.701214 0.00757519 96.4875 0.701181 0.712951 0.00678889 43.8403 -0.0101612 0.000471704 0.999948 0
0.70773 -0.70648 0.0021469 96.8315 0.706429 0.707709 0.0103173 44.2193 -0.00880833 -0.00578522 0.999945 0
0.703361 -0.710826 -0.00308638 97.1667 0.710786 0.703258 0.014515 44.6145 -0.00814715 -0.0124031 0.99989 0
0.700177 -0.713932 -0.00734328 97.4956 0.71394 0.700018 0.0162322 44.9939 -0.00644823 -0.0166081 0.999841 0
0.699573 -0.714507 -0.00880784 97.8713 0.714559 0.699484 0.0113122 45.3741 -0.00192171 -0.0142074 0.999897 0
0.700496 -0.713609 -0.00828925 98.2488 0.713653 0.700482 0.00495916 45.7429 0.00226756 -0.00938952 0.999953 0
0.703742 -0.710405 -0.00850078 98.6541 0.710433 0.703764 0.000461436 46.1564 0.00565474 -0.00636397 0.999964 0
0.707778 -0.706361 -0.0102922 99.0668 0.70638 0.70783 -0.00227776 46.5732 0.00889404 -0.00565806 0.999944 0
0.71101 -0.703046 -0.0138723 99.4729 0.703118 0.711073 0.000472825 46.9824 0.00953182 -0.0100901 0.999904 0
0.714548 -0.699331 -0.0189077 99.8906 0.699551 0.714524 0.00920077 47.4145 0.00707559 -0.0198013 0.999779 0
0.718341 -0.695481 -0.0171452 100.345 0.695688 0.718197 0.014515 47.8548 0.00221867 -0.0223544 0.999748 0
0.721696 -0.692088 -0.0130186 100.781 0.692203 0.721473 0.0182393 48.2981 -0.00323067 -0.0221747 0.999749 0
0.72445 -0.689262 -0.0094927 101.221 0.689268 0.724139 0.023062 48.7375 -0.00902172 -0.0232503 0.999689 0
0.726538 -0.687087 -0.00733697 101.689 0.686986 0.726133 0.0279413 49.1493 -0.0138705 -0.0253408 0.999583 0
0.727178 -0.686429 -0.00532493 102.183 0.686317 0.726864 0.0252396 49.6096 -0.0134547 -0.0220083 0.999667 0
0.727048 -0.686549 -0.00719358 102.677 0.686527 0.726807 0.0207992 50.0647 -0.00905131 -0.0200606 0.999758 0
0.726476 -0.687074 -0.0127866 103.171 0.687192 0.726319 0.0151218 50.5326 -0.00110268 -0.0197724 0.999804 0
0.724564 -0.688961 -0.0184304 103.675 0.689187 0.72449 0.0116911 51.0335 0.00529791 -0.021173 0.999762 0
0.722493 -0.691092 -0.0198775 104.203 0.691354 0.722409 0.0124422 51.538 0.00576102 -0.0227318 0.999725 0
0.721354 -0.692307 -0.018964 104.728 0.692565 0.721137 0.0177535 52.0477 0.0013848 -0.0259404 0.999663 0
0.719682 -0.694168 -0.0137113 105.277 0.694267 0.719301 0.0244661 52.5478 -0.00712101 -0.0271271 0.999607 0
0.717582 -0.696364 -0.0123467 105.757 0.696403 0.717143 0.0270226 53.0565 -0.00996324 -0.0279892 0.999559 0
0.716867 -0.697081 -0.0134049 106.263 0.697173 0.7165 0.024028 53.6068 -0.00714487 -0.0265704 0.999621 0
0.714737 -0.699173 -0.0175635 106.82 0.699393 0.71448 0.0192081 54.1562 -0.000880997 -0.0260125 0.999661 0
0.71225 -0.701532 -0.023518 107.398 0.701919 0.71199 0.0194854 54.7184 0.00307493 -0.0303862 0.999533 0
0.709133 -0.704551 -0.0271756 107.968 0.705064 0.708803 0.0219507 55.2853 0.00379673 -0.0347265 0.99939 0
0.706678 -0.707126 -0.0240651 108.551 0.707534 0.706332 0.0221449 55.8477 0.00133874 -0.0326762 0.999465 0
0.704604 -0.709298 -0.0207189 109.125 0.709597 0.704207 0.0237451 56.4108 -0.00225192 -0.031433 0.999503 0
0.703057 -0.710927 -0.0171233 109.699 0.711116 0.702669 0.0238751 56.9899 -0.0049415 -0.0289622 0.999568 0
0.702533 -0.711554 -0.0117915 110.288 0.711617 0.70224 0.021468 57.5832 -0.00699519 -0.023473 0.9997 0
0.702312 -0.711776 -0.0114942 110.873 0.711823 0.701991 0.0227278 58.1799 -0.0081083 -0.0241439 0.999676 0
0.702732 -0.71134 -0.0127881 111.423 0.711418 0.7024 0.022775 58.7883 -0.00721841 -0.0251024 0.999659 0
0.703341 -0.710646 -0.01715 111.996 0.710832 0.702933 0.0245499 59.398 -0.00539096 -0.0294578 0.999552 0
0.703989 -0.709862 -0.0222685 112.581 0.710202 0.70347 0.0272708 60.0122 -0.00369324 -0.0350135 0.99938 0
0.705261 -0.708462 -0.0262552 113.178 0.708941 0.704596 0.0307964 60.6326 -0.00331877 -0.0403329 0.999181 0
0.707299 -0.70623 -0.0311183 113.79 0.706901 0.706321 0.0374313 61.2558 -0.00445557 -0.0484726 0.998815 0
0.709686 -0.703767 -0.0325082 114.378 0.7045 0.708585 0.0398477 61.8515 -0.00500868 -0.0511814 0.998677 0
0.711579 -0.701893 -0.0316643 114.986 0.702596 0.710592 0.0376562 62.4655 -0.0039302 -0.0490425 0.998789 0
0.712899 -0.700746 -0.0270332 115.614 0.701261 0.712194 0.031824 63.0808 -0.00304767 -0.0416446 0.999128 0
0.713348 -0.700464 -0.0220303 116.244 0.700804 0.712852 0.0267688 63.7037 -0.00304621 -0.0345344 0.999399 0
0.713345 -0.700515 -0.0204558 116.889 0.700804 0.712887 0.0257927 64.3175 -0.00348547 -0.0327346 0.999458 0
0.714604 -0.699194 -0.0216465 117.478 0.699501 0.713953 0.0311447 64.9105 -0.00632161 -0.0373979 0.99928 0
0.715677 -0.698132 -0.0204591 118.099 0.698338 0.714795 0.0373158 65.537 -0.0114273 -0.0409935 0.999094 0
0.71633 -0.697495 -0.0193166 118.691 0.697582 0.715241 0.0425394 66.1412 -0.015855 -0.0439471 0.998908 0
0.716728 -0.697078 -0.0195843 119.296 0.697248 0.715848 0.0375202 66.7334 -0.0121351 -0.0405469 0.999104 0
0.717112 -0.696609 -0.0220639 119.889 0.696956 0.716667 0.0253232 67.3157 -0.00182792 -0.0335371 0.999436 0
0.716386 -0.697166 -0.0274112 120.484 0.697628 0.716337 0.0133155 67.8878 0.0103525 -0.0286618 0.999536 0
0.715791 -0.697733 -0.0284893 121.123 0.698254 0.715671 0.0160354 68.5014 0.00920048 -0.0313707 0.999465 0
0.714857 -0.699048 -0.0176593 121.713 0.699225 0.714297 0.0294031 69.1059 -0.00794018 -0.0333669 0.999412 0
0.713425 -0.700732 -0.000421515 122.384 0.700029 0.712683 0.0451989 69.7499 -0.0313719 -0.0325411 0.998978 0
0.712915 -0.70125 -0.000917995 122.935 0.700665 0.712266 0.0417846 70.3034 -0.0286476 -0.0304321 0.999126 0
0.712387 -0.701719 -0.00976718 123.478 0.701545 0.711708 0.0361414 70.8566 -0.0184098 -0.0325988 0.999299 0
0.711215 -0.702666 -0.0208175 124.083 0.702969 0.710783 0.0249359 71.4637 -0.00272488 -0.0323689 0.999472 0
0.709587 -0.704024 -0.0289381 124.687 0.704581 0.709371 0.0189109 72.092 0.00721411 -0.0338082 0.999402 0
0.708324 -0.705527 -0.0225622 125.301 0.705885 0.708043 0.0200465 72.6744 0.00183167 -0.0301257 0.999544 0
0.7059 -0.708094 -0.0175829 125.82 0.708306 0.705582 0.0213605 73.2619 -0.00271906 -0.0275325 0.999617 0
0.702422 -0.711546 -0.0175109 126.414 0.711757 0.702124 0.0205879 73.8288 -0.00235437 -0.0269249 0.999635 0
0.69937 -0.714442 -0.0213233 126.972 0.714757 0.69898 0.023425 74.4302 -0.00183124 -0.0316238 0.999498 0
0.697426 -0.71623 -0.0247491 127.524 0.716656 0.696947 0.0258671 75.0405 -0.00127796 -0.035777 0.999359 0
0.696024 -0.717523 -0.0266682 128.096 0.718013 0.695384 0.0299933 75.6247 -0.0029763 -0.0400242 0.999194 0
0.695384 -0.718133 -0.0269519 128.679 0.718608 0.694518 0.0353304 76.2352 -0.00665333 -0.043936 0.999012 0
0.694655 -0.718922 -0.0246087 129.23 0.719294 0.693799 0.035488 76.7952 -0.00843958 -0.0423528 0.999067 0
0.692497 -0.720981 -0.0251688 129.794 0.721408 0.691859 0.030037 77.392 -0.00424287 -0.0389575 0.999232 0
0.689492 -0.723917 -0.023357 130.351 0.724293 0.689115 0.0228023 77.9533 -0.000411318 -0.0326393 0.999467 0
0.684614 -0.728539 -0.0231439 130.883 0.728904 0.684347 0.019195 78.5472 0.00185417 -0.0300108 0.999548 0
0.679035 -0.733806 -0.0210159 131.444 0.734104 0.678674 0.0222067 79.159 -0.00203244 -0.030507 0.999532 0
0.674398 -0.738172 -0.0170184 131.975 0.738299 0.673839 0.0292609 79.7612 -0.0101319 -0.0322982 0.999427 0
0.671363 -0.741078 -0.00872948 132.555 0.740805 0.670675 0.0374595 80.3564 -0.0219058 -0.0316158 0.99926 0
0.668411 -0.743767 -0.00611808 133.08 0.74329 0.667635 0.04223 80.9733 -0.0273246 -0.0327745 0.999089 0
0.665316 -0.746521 -0.00781794 133.596 0.746128 0.664537 0.0410285 81.5673 -0.0254333 -0.0331301 0.999127 0
0.660384 -0.75082 -0.0127731 134.092 0.750708 0.659683 0.0354337 82.1681 -0.0181781 -0.0329887 0.99929 0
0.654522 -0.755883 -0.0155595 134.621 0.756017 0.654191 0.0217157 82.7838 -0.00623566 -0.0259767 0.999643 0
0.648963 -0.760599 -0.0183482 135.156 0.760817 0.648706 0.0183808 83.4497 -0.00207787 -0.0258881 0.999663 0
0.643272 -0.765419 -0.01828 135.68 0.76561 0.642865 0.0237705 84.0824 -0.00644278 -0.0292863 0.99955 0
0.637112 -0.770572 -0.0175361 136.187 0.77071 0.636611 0.0270634 84.7125 -0.00969065 -0.0307577 0.99948 0
0.629865 -0.776389 -0.0221535 136.659 0.776675 0.629338 0.0266398 85.3295 -0.00674083 -0.0339856 0.9994 0
0.622745 -0.78202 -0.0251699 137.167 0.782421 0.622318 0.0232023 85.9708 -0.00248096 -0.0341426 0.999414 0
0.616001 -0.78735 -0.0249747 137.704 0.787744 0.615632 0.0213751 86.6369 -0.00145446 -0.0328408 0.99946 0
0.609618 -0.792235 -0.0270369 138.215 0.792678 0.609019 0.0275255 87.3284 -0.00534072 -0.0382116 0.999255 0
0.603082 -0.79724 -0.0264937 138.692 0.797591 0.602187 0.0349247 88.0069 -0.0118892 -0.0421936 0.999039 0
0.596817 -0.80206 -0.0225697 139.173 0.802154 0.595751 0.0403703 88.6544 -0.0189335 -0.042198 0.99893 0
0.591475 -0.806081 -0.0197566 139.651 0.805985 0.590341 0.0434295 89.3017 -0.0233445 -0.041611 0.998861 0
0.587917 -0.808657 -0.0206709 140.157 0.808633 0.586833 0.0417196 89.9902 -0.0216065 -0.0412428 0.998915 0
0.584463 -0.811015 -0.0256326 140.642 0.811243 0.583384 0.0393525 90.687 -0.0169619 -0.0437943 0.998897 0
0.5817 -0.812704 -0.0337285 141.107 0.81335 0.580686 0.0355666 91.3483 -0.00931946 -0.0481222 0.998798 0
0.579095 -0.814302 -0.0395143 141.578 0.815253 0.578204 0.0323078 92.0179 -0.00346099 -0.0509235 0.998697 0
0.576639 -0.815961 -0.0411712 142.04 0.816994 0.57572 0.0326769 92.6919 -0.00296 -0.0524794 0.998618 0
0.574647 -0.817563 -0.0370443 142.512 0.818289 0.573229 0.0425682 93.4044 -0.0135673 -0.0547747 0.998407 0
0.572093 -0.819548 -0.0324246 142.985 0.819787 0.570129 0.0538701 94.0682 -0.0256629 -0.0573999 0.998021 0
0.568536 -0.822176 -0.0281616 143.448 0.822105 0.566566 0.0560949 94.7169 -0.0301645 -0.0550438 0.998028 0
0.56386 -0.825496 -0.0248591 143.908 0.825669 0.562803 0.0390286 95.4131 -0.0182271 -0.0425321 0.998929 0
0.558319 -0.829223 -0.0258698 144.386 0.829564 0.557621 0.0297299 96.0993 -0.0102272 -0.0380595 0.999223 0
0.552704 -0.832918 -0.0276965 144.839 0.833337 0.55204 0.0283337 96.8137 -0.0083101 -0.0387406 0.999215 0
0.546021 -0.837429 -0.0239323 145.257 0.837614 0.545141 0.0349892 97.4881 -0.0162545 -0.0391509 0.999101 0
0.5399 -0.841523 -0.0186339 145.711 0.84146 0.539036 0.037211 98.1885 -0.0212696 -0.0357699 0.999134 0
0.534415 -0.845194 -0.00691169 146.144 0.844839 0.533908 0.0344892 98.8708 -0.0254599 -0.0242708 0.999381 0
0.529586 -0.848257 0.0002452 146.585 0.847847 0.529339 0.0309186 99.5691 -0.0263567 -0.0161662 0.999522 0
0.524009 -0.851695 0.00546846 147.034 0.851436 0.523992 0.0221309 100.289 -0.0217142 -0.00694077 0.99974 0
0.518856 -0.854835 0.00679237 147.484 0.854766 0.518901 0.0108458 100.999 -0.012796 0.000178447 0.999918 0
0.513638 -0.857995 0.00453811 147.937 0.857998 0.51365 0.00180397 101.7 -0.0038788 0.0029671 0.999988 0
0.508141 -0.861269 -0.00303895 148.382 0.86127 0.508124 0.00495282 102.423 -0.00272155 -0.00513409 0.999983 0
0.503438 -0.863997 -0.00775798 148.816 0.863942 0.503236 0.0189215 103.192 -0.012444 -0.0162282 0.999791 0
0.498703 -0.866772 0.00156757 149.249 0.866395 0.498538 0.0286418 103.949 -0.0256074 -0.0129256 0.999588 0
0.495168 -0.868779 0.00558076 149.635 0.868287 0.495087 0.0310973 104.679 -0.0297797 -0.0105527 0.999501 0
0.493476 -0.869758 0.00183084 150.042 0.869434 0.493348 0.026298 105.407 -0.0237761 -0.0113856 0.999653 0
0.491479 -0.870867 -0.00634567 150.41 0.870806 0.491318 0.0174111 106.137 -0.012045 -0.014083 0.999828 0
0.489912 -0.871649 -0.0146572 150.795 0.871762 0.489757 0.0129798 106.881 -0.00413536 -0.0191366 0.999808 0
0.488664 -0.872395 -0.0116528 151.224 0.872462 0.48855 0.0113592 107.621 -0.00421668 -0.0157175 0.999868 0
0.488125 -0.872741 -0.00754751 151.658 0.872722 0.487983 0.0151195 108.385 -0.00951235 -0.0139671 0.999857 0
0.48738 -0.873177 -0.00485048 152.087 0.873005 0.487155 0.0232924 109.157 -0.0179755 -0.0155867 0.999717 0
0.486191 -0.873852 0.00136418 152.494 0.873573 0.486073 0.0245683 109.91 -0.0221322 -0.0107532 0.999697 0
0.48429 -0.874899 0.00388817 152.91 0.874707 0.48427 0.0192649 110.641 -0.0187378 -0.00592883 0.999807 0
0.483174 -0.875513 0.004544 153.289 0.875513 0.483188 0.00266463 111.339 -0.00452852 0.00269085 0.999986 0
0.482022 -0.876152 0.00341026 153.712 0.876155 0.482004 -0.00503515 112.087 0.00276779 0.00541497 0.999982 0
0.481064 -0.876683 0.00189945 154.131 0.876674 0.481046 -0.00620165 112.832 0.00452316 0.00464859 0.999979 0
0.479706 -0.877427 0.00204475 154.544 0.877415 0.47971 0.00468336 113.594 -0.00509019 -0.000452538 0.999987 0
0.477694 -0.878429 0.0131133 154.94 0.878446 0.477799 0.00636172 114.361 -0.0118538 0.00848035 0.999894 0
0.476811 -0.878833 0.0174466 155.322 0.878935 0.476931 0.00323133 115.119 -0.0111606 0.0137937 0.999843 0
0.476402 -0.879134 0.0128345 155.707 0.879191 0.476464 0.00213645 115.874 -0.00799343 0.0102662 0.999915 0
0.476853 -0.878959 0.00650351 156.079 0.878972 0.476872 0.00149723 116.623 -0.00441734 0.00500244 0.999978 0
0.477281 -0.878746 0.00283852 156.482 0.878741 0.477289 0.00306279 117.352 -0.00404621 0.00103252 0.999991 0
0.476792 -0.879016 -0.000197629 156.884 0.878993 0.476778 0.00731425 118.08 -0.00633512 -0.0036611 0.999973 0
0.476131 -0.879372 -0.00218021 157.274 0.879318 0.47607 0.0125041 118.812 -0.00995784 -0.00787069 0.999919 0
0.47526 -0.879845 0.000709819 157.657 0.879767 0.475228 0.0129937 119.557 -0.0117698 -0.00555092 0.999915 0
0.47446 -0.880273 0.00278141 158.036 0.880222 0.474463 0.00974273 120.304 -0.00989593 -0.00217428 0.999949 0
0.473629 -0.880724 0.00107489 158.417 0.880711 0.473629 0.00487792 121.038 -0.0048052 -0.00136366 0.999988 0
0.472817 -0.881151 -0.00416753 158.791 0.881155 0.472793 0.00565471 121.772 -0.00301228 -0.00634589 0.999975 0
0.471817 -0.881638 -0.0102259 159.193 0.881658 0.471655 0.0148423 122.499 -0.00826242 -0.0160186 0.999838 0
0.469358 -0.883001 -0.00364118 159.567 0.882803 0.469155 0.0235109 123.182 -0.0190519 -0.0142495 0.999717 0
0.468062 -0.883666 0.00733611 159.931 0.88338 0.4681 0.0228553 123.865 -0.0236305 -0.00421711 0.999712 0
0.467955 -0.883739 0.00480429 160.274 0.883601 0.467969 0.0159729 124.524 -0.0163641 -0.00322954 0.999861 0
0.468733 -0.88334 0.000498049 160.61 0.883281 0.468708 0.0112555 125.197 -0.0101759 -0.0048359 0.999937 0
0.469619 -0.882867 -0.00173772 160.909 0.882851 0.469596 0.00737705 125.817 -0.00569693 -0.00499855 0.999971 0
0.470301 -0.882488 -0.00573209 161.237 0.882504 0.470275 0.00536067 126.416 -0.00203507 -0.00757972 0.999969 0
0.47242 -0.881337 -0.0079958 161.561 0.881373 0.472409 0.00331243 127.033 0.000857913 -0.00861214 0.999963 0
0.476221 -0.879274 -0.00954032 161.878 0.879323 0.476219 0.00258599 127.636 0.00226949 -0.00962052 0.999951 0
0.481219 -0.876561 -0.00830701 162.186 0.8766 0.48119 0.00533981 128.233 -0.000683423 -0.00985154 0.999951 0
0.486487 -0.873662 -0.0066519 162.499 0.873649 0.486381 0.0130795 128.812 -0.00819174 -0.0121745 0.999892 0
0.491764 -0.870718 -0.0043139 162.838 0.870592 0.491593 0.0201405 129.387 -0.015416 -0.01366 0.999788 0
0.497167 -0.86762 -0.00775623 163.156 0.867534 0.49693 0.0211067 129.969 -0.0144583 -0.0172223 0.999747 0
0.50302 -0.86422 -0.00975881 163.457 0.864245 0.502878 0.0139097 130.531 -0.0071135 -0.0154308 0.999856 0
0.509259 -0.860501 -0.0139194 163.777 0.860613 0.509216 0.00670249 131.097 0.00132049 -0.0153925 0.999881 0
0.516297 -0.8562 -0.0189685 164.079 0.856384 0.516326 0.00369883 131.633 0.00662699 -0.018154 0.999813 0
0.522542 -0.852354 -0.0210374 164.46 0.852596 0.522533 0.00637709 132.188 0.00555718 -0.0212687 0.999758 0
0.527452 -0.849446 -0.0153649 164.806 0.849583 0.527406 0.0072296 132.772 0.00196238 -0.016867 0.999856 0
0.532959 -0.846102 -0.00815028 165.186 0.846136 0.532899 0.00850693 133.326 -0.00285446 -0.0114301 0.999931 0
0.538129 -0.842858 -0.00264806 165.578 0.842842 0.538092 0.00861917 133.876 -0.00583984 -0.00687012 0.999959 0
0.540815 -0.841134 -0.00358357 165.931 0.841113 0.540756 0.0105375 134.404 -0.00692559 -0.008713 0.999938 0
0.541365 -0.840777 -0.00420399 166.272 0.840752 0.54129 0.0118633 134.967 -0.00769881 -0.00995689 0.999921 0
0.541136 -0.840927 -0.00361608 166.612 0.840877 0.541042 0.0141368 135.515 -0.00993157 -0.0106906 0.999894 0
0.540634 -0.841258 -0.000710002 166.968 0.841154 0.540554 0.0161368 136.071 -0.0131914 -0.00932135 0.99987 0
0.540902 -0.841085 -0.00122011 167.346 0.840948 0.540786 0.0189285 136.64 -0.0152607 -0.0112645 0.99982 0
0.540522 -0.84128 -0.0091581 167.696 0.841251 0.540292 0.0195199 137.197 -0.0114737 -0.0182552 0.999768 0
0.539903 -0.841556 -0.0169562 168.03 0.841717 0.53969 0.0156966 137.754 -0.00405848 -0.0227469 0.999733 0
0.538398 -0.842433 -0.0208344 168.373 0.842676 0.538368 0.00752666 138.306 0.00487584 -0.021609 0.999755 0
0.535552 -0.844315 -0.0178035 168.741 0.844435 0.535656 -0.0013175 138.858 0.0106489 -0.0143283 0.999841 0
0.531559 -0.846861 -0.0165085 169.09 0.846993 0.5316 0.00210799 139.436 0.00699074 -0.0151031 0.999862 0
0.527726 -0.849267 -0.0158509 169.425 0.849411 0.527575 0.0128801 140.023 -0.00257606 -0.0202611 0.999791 0
0.524503 -0.851392 -0.00540815 169.785 0.851205 0.524227 0.0252132 140.637 -0.0186312 -0.0178278 0.999667 0
0.521233 -0.853397 0.00541218 170.161 0.85285 0.521108 0.0330518 141.248 -0.0310267 -0.0126119 0.999439 0
0.518552 -0.855019 0.00680132 170.521 0.854502 0.518489 0.0315447 141.847 -0.0304978 -0.0105458 0.999479 0
0.517052 -0.855952 0.00163484 170.894 0.855639 0.516913 0.0261392 142.451 -0.0232189 -0.0121165 0.999657 0
0.514146 -0.857695 -0.00369723 171.246 0.857579 0.513994 0.0191961 143.025 -0.0145641 -0.0130403 0.999809 0
0.511732 -0.859141 -0.00278932 171.604 0.859102 0.511671 0.0117119 143.605 -0.00863498 -0.00838967 0.999928 0
0.510554 -0.859831 0.00506551 171.963 0.859796 0.510579 0.00776473 144.183 -0.00926269 0.000390988 0.999957 0
0.510076 -0.860001 0.0148562 172.333 0.860005 0.51022 0.00814714 144.8 -0.0145865 0.00862074 0.999856 0
0.509371 -0.860302 0.0205172 172.693 0.860346 0.509623 0.00944205 145.418 -0.0185791 0.0128424 0.999745 0
0.508593 -0.860708 0.0227025 173.059 0.860813 0.508861 0.00782046 146.04 -0.0182836 0.0155652 0.999712 0
0.507727 -0.861182 0.0240761 173.412 0.861401 0.50792 0.00228197 146.616 -0.014194 0.0195806 0.999708 0
