0.478682 -0.87775 0.0204598 0.683952 0.877971 0.478687 -0.00496789 0.553054 -0.0054333 0.0203412 0.999778 0
0.478443 -0.878089 0.00715854 4.66684 0.877301 0.47763 -0.0470402 8.21439 0.0378863 0.0287862 0.998867 0
0.506359 -0.855746 -0.106298 5.09186 0.862148 0.504876 0.0424394 9.11685 0.0173501 -0.113135 0.993428 0
0.252285 -0.963032 -0.0944592 5.60438 0.967547 0.249605 0.0393829 10.0189 -0.0143495 -0.101329 0.994749 0
0.239592 -0.968351 -0.0699387 6.1001 0.970302 0.236357 0.0514767 10.9177 -0.033317 -0.080195 0.996222 0
0.346757 -0.937134 -0.039242 6.58385 0.936712 0.34384 0.0659183 11.8122 -0.0482813 -0.059616 0.997053 0
0.333478 -0.942664 -0.0133249 7.05581 0.94034 0.331578 0.076266 12.703 -0.067475 -0.037963 0.996998 0
0.328194 -0.944548 0.0108598 7.51944 0.940807 0.327881 0.0858795 13.5894 -0.0846781 -0.0179681 0.996246 0
0.313817 -0.948704 0.0384606 7.97796 0.944044 0.316093 0.0941599 14.4722 -0.101487 0.0067595 0.994814 0
0.500725 -0.863898 0.0543603 8.43435 0.860654 0.503586 0.0753429 15.3535 -0.0924636 0.00905933 0.995675 0
0.534874 -0.837353 0.112917 8.89088 0.832431 0.545137 0.0994229 16.2356 -0.144807 0.0408165 0.988618 0
0.526953 -0.849781 0.0139145 9.34857 0.846017 0.522916 -0.103989 17.114 0.0810919 0.0665693 0.994481 0
0.505254 -0.862733 0.0202326 9.80329 0.855235 0.497455 -0.145301 17.9697 0.115292 0.0907178 0.989181 0
0.490031 -0.869278 -0.065001 10.2537 0.867626 0.493585 -0.0599868 18.7998 0.0842288 -0.0270012 0.996081 0
0.473048 -0.87927 -0.0557641 10.6939 0.878292 0.475621 -0.0488668 19.6096 0.0694897 -0.0258608 0.997247 0
0.453731 -0.873033 -0.178724 11.1198 0.888883 0.457649 0.0210958 20.4032 0.0633754 -0.168436 0.983673 0
0.453052 -0.855925 -0.249272 11.5179 0.890786 0.445702 0.0885958 21.1877 0.0352696 -0.262186 0.964373 0
0.45314 -0.869033 -0.198608 11.8863 0.890471 0.451653 0.0554182 21.9669 0.0415419 -0.201967 0.978511 0
0.358378 -0.917749 -0.17118 12.2278 0.933559 0.353441 0.0595662 22.742 0.00583513 -0.181154 0.983438 0
0.307622 -0.941063 -0.140604 12.5509 0.950997 0.299237 0.0778596 23.5099 -0.0311969 -0.157665 0.987 0
0.298721 -0.945295 -0.131088 12.9831 0.952127 0.285854 0.108358 24.1943 -0.064958 -0.157181 0.985431 0
0.350969 -0.9259 -0.139751 13.2863 0.934931 0.338181 0.107411 24.2543 -0.0521909 -0.168355 0.984344 0
0.522052 -0.852221 0.0343666 12.1034 0.840677 0.520945 0.147913 22.0017 -0.143958 -0.0483272 0.988403 0
0.496818 -0.862691 0.0945333 12.3073 0.856081 0.505043 0.109802 22.4317 -0.142468 0.0263768 0.989448 0
0.480042 -0.877028 0.0195542 12.7892 0.877175 0.480166 0.00195883 23.3223 -0.0111072 0.0162122 0.999807 0
0.478245 -0.878097 0.0150828 13.2742 0.878204 0.478285 -0.00109497 24.2287 -0.00625238 0.0137694 0.999886 0
0.476466 -0.879044 0.0161849 13.7525 0.879152 0.47654 0.000870056 25.1362 -0.00847759 0.0138145 0.999869 0
0.475701 -0.879425 0.0179055 14.2269 0.879559 0.475789 0.00074292 26.0389 -0.00917261 0.0153956 0.999839 0
0.474232 -0.880038 0.0252426 14.7066 0.880276 0.474451 0.00319288 26.979 -0.0147862 0.0207063 0.999676 0
0.460242 -0.88731 0.0293072 15.1756 0.887376 0.460787 0.0154565 27.8527 -0.0272191 0.0188928 0.999451 0
0.477792 -0.878176 0.0228424 15.6416 0.878282 0.478068 0.00840326 28.7261 -0.0182998 0.0160471 0.999704 0
0.476514 -0.878558 0.0327191 16.1138 0.878566 0.477234 0.0192266 29.6008 -0.0325063 0.0195842 0.99928 0
0.478866 -0.877566 0.0237543 16.608 0.877505 0.479281 0.0165608 30.5649 -0.0259182 0.0129141 0.999581 0
0.474307 -0.880042 0.0236579 17.0823 0.880351 0.474251 -0.0082701 31.4515 -0.00394173 0.0247498 0.999686 0
0.480499 -0.876821 0.0174949 17.5561 0.876949 0.480583 0.000701679 32.3369 -0.00902299 0.0150049 0.999847 0
0.473382 -0.880854 0.00239383 18.0295 0.880772 0.473372 0.0126442 33.2144 -0.0122709 -0.00387713 0.999917 0
0.463283 -0.886197 0.0049185 18.4966 0.886199 0.463298 0.00251299 34.0831 -0.00450574 0.00319454 0.999985 0
0.467144 -0.884165 0.00541039 18.9532 0.884126 0.467175 0.00826534 34.9406 -0.00983552 0.00092236 0.999951 0
0.464825 -0.885388 0.00498293 19.4079 0.885195 0.464831 0.0190561 35.7988 -0.0191882 -0.00444688 0.999806 0
0.467383 -0.883997 0.0101683 19.8678 0.883917 0.467482 0.0123004 36.6659 -0.015627 0.00323896 0.999873 0
0.469167 -0.882825 0.0224358 20.3316 0.882967 0.469396 0.00605632 37.5309 -0.015878 0.0169686 0.99973 0
0.468912 -0.882943 0.0230886 20.7933 0.883046 0.469201 0.00896697 38.3879 -0.0187505 0.0161836 0.999693 0
0.470036 -0.882269 0.0258396 21.2515 0.882446 0.470352 0.00757709 39.2417 -0.0188388 0.0192406 0.999637 0
0.476983 -0.878272 0.0335402 21.8971 0.878595 0.477489 0.00863644 40.7393 -0.0236002 0.0253488 0.9994 0
0.47657 -0.878451 0.0347228 22.34 0.87883 0.477075 0.00757748 41.5427 -0.0232218 0.0269042 0.999368 0
0.475688 -0.878812 0.0375609 22.7818 0.879248 0.476288 0.008509 42.3484 -0.0253676 0.0289777 0.999258 0
0.474982 -0.878973 0.0424042 23.2238 0.879491 0.47579 0.0109419 43.1566 -0.0297931 0.0320969 0.999041 0
0.474471 -0.879187 0.0436695 23.6613 0.879635 0.47543 0.0144247 43.9674 -0.0334438 0.0315691 0.998942 0
0.473977 -0.879532 0.0420593 24.0943 0.879917 0.474895 0.0148687 44.7783 -0.0330513 0.0299612 0.999004 0
0.473141 -0.880178 0.0377529 24.5235 0.880548 0.473823 0.0112839 45.5862 -0.0278201 0.0279044 0.999223 0
0.508033 -0.860002 0.0479445 25.2495 0.860913 0.508742 0.0030719 47.3793 -0.0270332 0.0397154 0.998845 0
0.507029 -0.860845 0.0432166 25.6532 0.86158 0.507613 0.00302283 48.1311 -0.0245395 0.0357019 0.999061 0
0.505997 -0.861573 0.0407423 26.0496 0.862142 0.506628 0.00629348 48.8767 -0.0260635 0.0319411 0.99915 0
0.510983 -0.859482 0.0136552 26.4398 0.859588 0.510958 -0.00554441 49.6125 -0.00221192 0.014571 0.999891 0
0.499243 -0.864926 0.0515674 26.823 0.865557 0.500557 0.0159109 50.3388 -0.0395741 0.0366912 0.998543 0
0.499461 -0.865297 0.0424195 27.1995 0.865733 0.500342 0.0128366 51.0566 -0.0323317 0.0303126 0.999017 0
0.500149 -0.865438 0.029476 27.5695 0.865319 0.500789 0.0208244 51.766 -0.0327835 0.0150908 0.999349 0
0.493153 -0.86902 0.0400471 27.9327 0.869412 0.493938 0.0121976 52.4674 -0.0303808 0.0288021 0.999123 0
0.4943 -0.868642 0.0336019 28.2897 0.868652 0.495049 0.0192253 53.1606 -0.0333345 0.0196853 0.99925 0
0.503426 -0.862047 0.0586257 28.6388 0.862955 0.505033 0.0158357 53.8466 -0.043259 0.0426193 0.998154 0
0.471146 -0.881937 0.0144112 28.9803 0.881142 0.471339 0.037802 54.5247 -0.0401316 -0.00511194 0.999181 0
0.503466 -0.86217 0.0564468 29.3144 0.863905 0.503368 -0.0169677 55.1936 -0.0137845 0.0573073 0.998261 0
0.475139 -0.879882 0.00716791 29.6475 0.877316 0.474348 0.0728708 55.9043 -0.0675177 -0.0283352 0.997316 0
0.475614 -0.877715 0.0583737 29.9602 0.87915 0.476539 0.00222569 56.5379 -0.0297709 0.0502607 0.998292 0
0.481996 -0.876016 -0.0166237 30.2661 0.875941 0.481345 0.0321574 57.1565 -0.0201687 -0.0300611 0.999345 0
0.480329 -0.875891 0.0458131 30.5611 0.876916 0.480615 -0.00527736 57.7625 -0.0173961 0.0427091 0.998936 0
0.475942 -0.879366 0.0139261 30.8459 0.879272 0.476113 0.0140316 58.3546 -0.0189693 0.00556662 0.999805 0
0.476354 -0.878869 0.0260098 31.1209 0.879086 0.476632 0.00541938 58.9324 -0.0171601 0.0202834 0.999647 0
0.473876 -0.880517 0.0114745 31.384 0.880589 0.473868 -0.00359489 59.4776 -0.00227204 0.0118079 0.999928 0
0.462276 -0.886451 0.0224797 31.6074 0.886716 0.462289 -0.00491849 59.8582 -0.00603213 0.0222068 0.999735 0
0.464027 -0.885141 0.0347027 31.792 0.883337 0.465302 0.0566486 60.0379 -0.0662892 0.00436769 0.997791 0
0.480028 -0.876894 0.0251146 32.1455 0.877039 0.480346 0.00835069 61.0746 -0.0193864 0.0180179 0.99965 0
0.482588 -0.875563 0.0223315 32.4092 0.875604 0.482898 0.0112749 61.5302 -0.0206558 0.0141124 0.999687 0
0.485604 -0.873889 0.0225303 32.6676 0.873866 0.485958 0.0142403 61.9747 -0.0233932 0.0127733 0.999645 0
0.505308 -0.862098 0.0381025 33.0262 0.862826 0.505465 -0.00609926 62.8073 -0.0140013 0.0359578 0.999255 0
0.484749 -0.870428 0.085871 33.4115 0.874597 0.481257 -0.0589248 63.6319 0.00996375 0.103666 0.994562 0
0.484904 -0.870969 0.079255 33.6476 0.874554 0.48239 -0.0495587 64.0513 0.0049323 0.093344 0.995622 0
0.490133 -0.868696 0.0716752 33.8809 0.871643 0.488219 -0.0433566 64.4556 0.00267054 0.0837257 0.996485 0
0.497321 -0.865273 0.0630448 34.1168 0.867566 0.496045 -0.0356142 64.8433 -0.000457055 0.0724072 0.997375 0
0.507291 -0.860093 0.0538101 34.3611 0.861765 0.506587 -0.0270245 65.2107 -0.00401586 0.0600809 0.998185 0
0.518955 -0.853297 0.0506915 34.6142 0.854763 0.518583 -0.0212531 65.5578 -0.00815255 0.0543587 0.998488 0
0.537013 -0.842288 0.046555 34.8748 0.843472 0.536987 -0.014138 65.8869 -0.0130911 0.0468601 0.998816 0
0.555832 -0.830097 0.0445945 35.1433 0.831109 0.556041 -0.0087224 66.2023 -0.0175559 0.0419111 0.998967 0
0.577905 -0.815241 0.0375316 35.4219 0.815781 0.578359 0.00154942 66.5046 -0.0229699 0.0297222 0.999294 0
0.600717 -0.798845 0.0313989 35.7109 0.799006 0.601237 0.0101394 66.7942 -0.026978 0.018997 0.999456 0
0.630482 -0.775722 0.0273461 36.0113 0.775645 0.630973 0.015724 67.0693 -0.0294522 0.0112972 0.999502 0
0.66034 -0.750704 0.0198502 36.3229 0.7503 0.660637 0.0246736 67.3284 -0.0316364 -0.00139942 0.999498 0
0.692523 -0.721301 0.0117063 36.6442 0.720687 0.69247 0.0330881 67.5708 -0.0319727 -0.0144777 0.999384 0
0.726413 -0.687246 0.00404792 36.9762 0.686549 0.725919 0.0411427 67.7957 -0.0312136 -0.0271075 0.999145 0
0.764929 -0.643874 -0.0175999 37.3196 0.64359 0.762917 0.0612295 68.0175 -0.0259968 -0.0581633 0.997969 0
0.802497 -0.596045 -0.0270034 37.6711 0.59637 0.799886 0.0672769 68.1997 -0.0185004 -0.0700935 0.997369 0
0.81184 -0.583509 0.0207863 38.0288 0.581706 0.811375 0.0573522 68.3635 -0.050331 -0.0344694 0.998138 0
0.87021 -0.490488 -0.046428 38.3947 0.492679 0.866588 0.0793311 68.5106 0.00132297 -0.0919088 0.995767 0
0.87367 -0.486509 0.00321493 38.7621 0.48614 0.87323 0.0337278 68.6217 -0.0192163 -0.027904 0.999426 0
0.953253 -0.299605 -0.0393149 39.0656 0.30172 0.95086 0.0694996 68.4199 0.0165605 -0.0781127 0.996807 0
0.975355 -0.219086 0.0261701 39.3297 0.213843 0.96784 0.132503 68.022 -0.0543581 -0.123642 0.990837 0
0.982331 -0.179405 0.0532813 39.619 0.172463 0.978335 0.114533 67.7624 -0.0726748 -0.103321 0.991989 0
0.997124 -0.0655452 0.0380502 40.2107 0.0628048 0.995622 0.0692248 68.5037 -0.042421 -0.0666359 0.996875 0
0.998617 0.00122848 0.0525559 40.7822 -0.00352325 0.999043 0.0435932 69.0607 -0.052452 -0.043718 0.997666 0
0.997307 0.0523623 0.0513549 41.2361 -0.0534299 0.998378 0.0196402 69.3907 -0.0502432 -0.0223311 0.998487 0
0.991275 0.122761 0.0479956 41.5873 -0.123615 0.992213 0.0152378 69.2713 -0.0457512 -0.0210378 0.998731 0
0.981046 0.188831 0.043493 41.9377 -0.189303 0.981894 0.0069622 69.1378 -0.0413908 -0.0150636 0.999029 0
0.967378 0.250425 0.0382972 42.2875 -0.250208 0.968136 -0.0104388 68.9886 -0.039691 0.000516035 0.999212 0
0.942101 0.334944 0.0160862 42.6544 -0.333951 0.941493 -0.0454625 68.9327 -0.0303724 0.0374583 0.998837 0
0.929239 0.369201 0.0143193 43.0226 -0.368121 0.928448 -0.0497202 68.7972 -0.0316515 0.0409308 0.998661 0
0.91376 0.406254 0.000473222 43.4119 -0.405901 0.913013 -0.0406368 68.718 -0.0169409 0.0369402 0.999174 0
0.900984 0.433851 0.000757097 43.7885 -0.433558 0.900437 -0.0352174 68.561 -0.0159608 0.0314021 0.999379 0
0.887677 0.460464 -0.0012246 44.1629 -0.460183 0.887034 -0.0374405 68.385 -0.0161537 0.0337986 0.999298 0
0.874819 0.48442 -0.00540019 44.5366 -0.48415 0.873828 -0.0449817 68.1906 -0.0170712 0.0419653 0.998973 0
0.830006 0.557421 -0.0192758 44.9102 -0.557723 0.8291 -0.039235 68.0104 -0.00588884 0.0433158 0.999044 0
0.823176 0.567085 -0.0281998 45.2916 -0.567777 0.821858 -0.0466765 67.783 -0.00329334 0.0544341 0.998512 0
0.816528 0.576408 -0.0321931 45.6804 -0.577281 0.814697 -0.054911 67.5473 -0.00542346 0.0634208 0.997972 0
0.811351 0.583836 -0.0290636 46.0749 -0.584381 0.808876 -0.0649457 67.2975 -0.0144088 0.069678 0.997465 0
0.807019 0.589998 -0.0249584 46.4738 -0.58998 0.803737 -0.0770028 67.0311 -0.0253715 0.0768677 0.996718 0
0.80044 0.598871 -0.0254806 46.877 -0.598461 0.796052 -0.0902549 66.7469 -0.0337672 0.0874928 0.995593 0
0.80629 0.591156 -0.0207351 47.2855 -0.589603 0.800364 -0.108564 66.4439 -0.0475828 0.0997598 0.993873 0
0.762895 0.646271 -0.0179938 47.7042 -0.645887 0.760617 -0.0655159 66.1355 -0.0286547 0.0616037 0.997689 0
0.777601 0.628758 -0.000279413 48.135 -0.625154 0.773097 -0.107253 65.7771 -0.0672199 0.0835744 0.994232 0
0.779361 0.626461 -0.0119211 48.6031 -0.626568 0.7793 -0.0101983 65.3542 0.00290126 0.0154175 0.999877 0
0.785667 0.618126 -0.0254497 49.0775 -0.618471 0.785764 -0.00827227 64.8772 0.0148842 0.0222391 0.999642 0
0.799539 0.600606 -0.00316799 49.5686 -0.600292 0.799272 0.0285184 64.4343 0.0196604 -0.0208998 0.999588 0
0.790749 0.61214 0.000546961 50.091 -0.610604 0.788701 0.0715081 64.0684 0.0433416 -0.056879 0.99744 0
0.800052 0.599931 0.000481005 50.6082 -0.599006 0.798773 0.0561605 63.6756 0.0333082 -0.0452194 0.998422 0
0.815023 0.579402 0.00547436 51.1379 -0.579132 0.814268 0.0396743 63.2838 0.0185298 -0.0355059 0.999198 0
0.815479 0.578749 0.00661675 51.7058 -0.578096 0.813894 0.0581545 62.9498 0.0282715 -0.0512489 0.998286 0
0.827503 0.561372 0.0100688 52.2751 -0.561428 0.827122 0.0258502 62.5846 0.00618345 -0.027044 0.999615 0
0.846087 0.532881 0.0132161 52.8658 -0.532638 0.84615 -0.0180873 62.2244 -0.0208212 0.00826407 0.999749 0
0.862429 0.505967 0.0146388 53.4788 -0.504473 0.861535 -0.057138 61.8619 -0.0415218 0.0418926 0.998259 0
0.87546 0.483012 0.0164325 54.1061 -0.480221 0.873221 -0.082899 61.4892 -0.0543904 0.0646835 0.996422 0
0.874527 0.484218 -0.0270982 54.8893 -0.48493 0.872305 -0.0626612 61.6807 -0.00670377 0.0679397 0.997667 0
0.876498 0.480629 -0.0273225 55.5321 -0.481351 0.87414 -0.0646476 61.267 -0.00718784 0.0698152 0.997534 0
0.852863 0.519227 -0.0550297 56.2491 -0.522084 0.849501 -0.0760056 61.2736 0.00728362 0.0935525 0.995588 0
0.855218 0.516045 -0.0479662 56.9363 -0.518258 0.85214 -0.0725642 60.855 0.0034276 0.086917 0.99621 0
0.857615 0.512704 -0.0403978 57.6335 -0.514293 0.854906 -0.0681007 60.4332 -0.000379143 0.0791804 0.99686 0
0.801684 0.595325 -0.0537746 58.4168 -0.597747 0.798269 -0.073922 60.3613 -0.00108097 0.0914057 0.995813 0
0.763315 0.639811 -0.0893983 59.1613 -0.646 0.757194 -0.0966534 60.0951 0.00585199 0.131528 0.991295 0
0.695471 0.707106 -0.127758 59.9087 -0.718221 0.689487 -0.0936295 59.8065 0.0218811 0.156875 0.987376 0
0.717768 0.686931 -0.113734 60.6545 -0.696099 0.711691 -0.0945591 59.4114 0.015988 0.147042 0.989001 0
0.730188 0.675405 -0.103217 61.3912 -0.683157 0.72416 -0.0942831 59.0082 0.011066 0.139358 0.99018 0
0.747858 0.658109 -0.0871844 62.1194 -0.663858 0.741433 -0.0978239 58.5971 0.000262559 0.131037 0.991378 0
0.763556 0.641786 -0.0713715 62.8397 -0.645664 0.757064 -0.0998612 58.1793 -0.0100568 0.122332 0.992438 0
0.782094 0.620456 -0.0580008 63.5537 -0.622822 0.775209 -0.10556 57.7549 -0.0205327 0.118682 0.99272 0
0.77738 0.628542 -0.0248057 64.2889 -0.628956 0.776074 -0.0460802 57.376 -0.00971226 0.0514235 0.99863 0
0.786135 0.617782 -0.0183535 64.9901 -0.617857 0.784786 -0.0486202 56.9333 -0.0156331 0.0495619 0.998649 0
0.799104 0.601151 -0.00704503 65.6895 -0.600778 0.798063 -0.0464889 56.4901 -0.0223245 0.041382 0.998894 0
0.810907 0.585157 0.00463045 66.3875 -0.584429 0.810246 -0.0440796 56.0461 -0.0295453 0.0330382 0.999017 0
0.821604 0.569799 0.0171968 67.0846 -0.568778 0.821406 -0.0422485 55.6001 -0.0381987 0.0249304 0.998959 0
0.831895 0.55411 0.0302184 67.7812 -0.552813 0.832242 -0.0420844 55.1501 -0.0484685 0.0183047 0.998657 0
0.833284 0.550852 0.0469027 68.4774 -0.550157 0.834599 -0.0278001 54.6959 -0.0544587 -0.00263848 0.998513 0
0.851847 0.520858 0.0553548 69.1726 -0.518487 0.8535 -0.0520419 54.2372 -0.0743518 0.015631 0.99711 0
0.847597 0.527061 0.0615311 69.8666 -0.52699 0.849666 -0.0186873 53.7725 -0.0621302 -0.016587 0.99793 0
0.84282 0.534364 0.0641023 70.5597 -0.536093 0.844069 0.0123367 53.3043 -0.0475144 -0.0447625 0.997867 0
0.73398 0.676616 0.058852 71.7554 -0.679108 0.732327 0.0500965 54.1702 -0.00920278 -0.0767367 0.997009 0
0.639603 0.754354 0.147844 72.3873 -0.767685 0.636736 0.0722986 53.6781 -0.039599 -0.15974 0.986365 0
0.636833 0.756015 0.151276 72.9662 -0.770612 0.630378 0.0937074 53.1151 -0.024517 -0.176251 0.98404 0
0.628984 0.767184 0.125733 73.5533 -0.777127 0.6249 0.0746573 52.5638 -0.0212947 -0.144669 0.989251 0
0.618987 0.779562 0.095591 74.1471 -0.784988 0.618008 0.0431182 52.0243 -0.0254627 -0.101727 0.994486 0
0.612884 0.784537 0.0942067 74.7452 -0.790142 0.609535 0.0643572 51.4954 -0.00693169 -0.11388 0.99347 0
0.598806 0.799509 0.0470729 75.346 -0.800858 0.598302 0.0257195 50.9774 -0.00760086 -0.0530997 0.99856 0
0.597833 0.800176 0.0481006 75.9459 -0.801616 0.596542 0.0393715 50.4693 0.0028101 -0.0620958 0.998066 0
0.586768 0.809614 0.0151353 76.5435 -0.809753 0.586709 0.00854432 49.9715 -0.00196243 -0.0172694 0.999849 0
0.576413 0.817153 0.00293244 77.1363 -0.817148 0.576384 0.00715198 49.4828 0.00415405 -0.00651873 0.99997 0
0.600248 0.799389 0.0260772 77.7204 -0.799612 0.60051 -0.0028844 49.0014 -0.0179654 -0.0191203 0.999656 0
0.589565 0.797307 -0.129287 78.296 -0.805855 0.591492 -0.0270941 48.5259 0.0548701 0.120161 0.991237 0
0.506506 0.8621 0.0153401 78.8566 -0.861626 0.506737 -0.0286216 48.0544 -0.032448 0.00127956 0.999473 0
0.560691 0.827569 0.0274561 79.4088 -0.826737 0.56136 -0.0371574 47.5888 -0.0461631 -0.00186511 0.998932 0
0.635126 0.76566 -0.101876 79.9502 -0.772386 0.630567 -0.076194 47.1297 0.00590101 0.12708 0.991875 0
0.633736 0.773317 -0.0189302 80.4816 -0.773275 0.632671 -0.0421153 46.6799 -0.0205919 0.0413282 0.998933 0
0.63255 0.774464 0.00924529 81.0066 -0.773963 0.632503 -0.0303415 46.2431 -0.0293461 0.012037 0.999497 0
0.677992 0.731466 -0.0726937 81.5162 -0.733929 0.668116 -0.12235 45.8183 -0.0409267 0.136304 0.989821 0
0.674172 0.729191 -0.117357 82.0131 -0.735641 0.648814 -0.19461 45.3752 -0.0657649 0.217534 0.973835 0
0.696181 0.715213 -0.0616577 82.4579 -0.712964 0.678852 -0.17562 44.7866 -0.0837492 0.166223 0.982525 0
0.71887 0.694945 -0.0166834 82.7973 -0.695034 0.718977 0.000610257 43.9471 0.0124191 0.0111569 0.999861 0
0.743202 0.66735 0.0478984 83.1091 -0.667772 0.735408 0.115137 43.1548 0.0416116 -0.117555 0.992194 0
0.78118 0.622319 0.0497647 83.5026 -0.624213 0.777201 0.0794832 42.712 0.0107867 -0.0931545 0.995593 0
0.798361 0.599615 0.0555059 83.9349 -0.602177 0.794776 0.0755926 42.3725 0.0012117 -0.0937747 0.995593 0
0.817438 0.575995 -0.00492969 84.3723 -0.575965 0.81745 0.0063212 42.0748 0.00767076 -0.00232786 0.999968 0
0.834047 0.551445 -0.0165388 84.7993 -0.551607 0.834072 -0.00731988 41.7971 0.00975803 0.015228 0.999836 0
0.849223 0.527951 -0.00938132 85.2133 -0.528023 0.849186 -0.00863749 41.545 0.00340632 0.0122887 0.999919 0
0.865707 0.50055 0.000372759 85.6343 -0.500515 0.865654 -0.0113022 41.3121 -0.00598001 0.00959786 0.999936 0
0.883587 0.468251 0.00383606 86.0889 -0.468162 0.883533 -0.0139017 41.0932 -0.00989878 0.0104875 0.999896 0
0.89793 0.440134 -0.00190868 86.6154 -0.440127 0.897869 -0.0109735 40.9061 -0.00311608 0.0106935 0.999938 0
0.918254 0.395965 0.00467379 87.1191 -0.395859 0.918186 -0.015157 40.7301 -0.010293 0.0120678 0.999874 0
0.937882 0.346725 0.0125886 87.6158 -0.346453 0.937861 -0.0196849 40.5953 -0.0186316 0.0141008 0.999727 0
0.955223 0.294796 0.0253981 88.0946 -0.294128 0.955385 -0.0270003 40.5067 -0.0322246 0.018321 0.999313 0
0.970398 0.238575 0.0375535 88.5647 -0.237369 0.970828 -0.0338961 40.4529 -0.0445448 0.0239787 0.99872 0
0.976783 0.21096 -0.0373034 89.0324 -0.210478 0.97746 0.0164752 40.4798 0.0399382 -0.00824113 0.999168 0
0.990612 0.134709 -0.0232793 89.5247 -0.134776 0.990875 -0.00135436 40.4594 0.0228845 0.00447914 0.999728 0
0.996124 0.073142 -0.0488501 90.0201 -0.0728539 0.997313 0.00765479 40.5324 0.0492787 -0.00406621 0.998777 0
0.998566 -0.00110245 -0.0535169 90.5157 0.00146388 0.999976 0.00671479 40.6255 0.0535083 -0.0067835 0.998544 0
0.992017 -0.125905 0.00711602 90.9899 0.12609 0.991223 -0.0397331 40.6826 -0.00205095 0.0403131 0.999185 0
0.982415 -0.186625 0.00558426 91.4546 0.186707 0.981854 -0.0331996 40.7726 0.00071294 0.0336584 0.999433 0
0.974219 -0.225203 -0.0134377 92.152 0.224837 0.974091 -0.0243987 41.9412 0.0185842 0.0207484 0.999612 0
0.972369 -0.231415 0.0307561 92.7721 0.232962 0.970393 -0.063767 42.4564 -0.0150889 0.06917 0.997491 0
0.953858 -0.298135 0.0356395 93.1634 0.299773 0.952328 -0.0566347 42.5658 -0.0170557 0.0647053 0.997759 0
0.931209 -0.362233 0.0404592 93.5507 0.363947 0.930119 -0.0492094 42.7029 -0.0198065 0.0605493 0.997969 0
0.947482 -0.317444 0.038828 94.1842 0.319353 0.945616 -0.0618382 43.6117 -0.0170863 0.0709905 0.997331 0
0.923899 -0.380149 0.0435638 94.5448 0.382154 0.92245 -0.055181 43.7952 -0.0192084 0.0676298 0.997526 0
0.898597 -0.43645 0.0450985 94.8996 0.438334 0.897543 -0.0477384 44.0023 -0.0196424 0.0626658 0.997841 0
0.873169 -0.485429 0.0439891 95.2478 0.48701 0.872568 -0.0380164 44.2335 -0.0199293 0.0546179 0.998308 0
0.848841 -0.527147 0.0398165 95.5896 0.528346 0.848494 -0.0301579 44.4854 -0.0178865 0.0466361 0.998752 0
0.824605 -0.564539 0.0363761 95.9285 0.565481 0.824392 -0.0246677 44.7499 -0.0160623 0.0409111 0.999034 0
0.802857 -0.595041 0.0367026 96.2671 0.595978 0.802643 -0.0239842 45.0253 -0.0151875 0.0411298 0.999038 0
0.785022 -0.618259 0.0386934 96.6042 0.619274 0.784808 -0.0240003 45.3137 -0.0155285 0.0428026 0.998963 0
0.770011 -0.636888 0.0381706 96.9395 0.637831 0.769888 -0.0210746 45.6144 -0.0159649 0.040574 0.999049 0
0.756676 -0.652873 0.0346281 97.2746 0.65359 0.756694 -0.0153398 45.9265 -0.0161879 0.0342398 0.999283 0
0.745323 -0.666036 0.029808 97.6122 0.666494 0.745463 -0.00832552 46.2489 -0.0166757 0.0260721 0.999521 0
0.737194 -0.675365 0.0206984 97.9536 0.675541 0.737319 -0.00219234 46.5799 -0.0137807 0.0155988 0.999783 0
0.731749 -0.681483 0.0111839 98.3031 0.681511 0.731806 0.00165085 46.9164 -0.00930945 0.00641392 0.999936 0
0.713828 -0.700314 0.00302655 98.7915 0.699505 0.713199 0.0451562 48.0684 -0.033782 -0.0301167 0.998975 0
0.714828 -0.6993 0.000786645 99.1445 0.698736 0.714296 0.0393639 48.2679 -0.0280891 -0.0275888 0.999225 0
0.71644 -0.697646 -0.00218145 99.5102 0.69733 0.716014 0.0324711 48.4881 -0.0210914 -0.0247848 0.99947 0
0.727172 -0.686381 0.0100893 99.9375 0.684401 0.726054 0.0666389 49.0348 -0.0530651 -0.0415528 0.997726 0
0.729051 -0.684458 -0.00155822 100.379 0.684149 0.728649 0.0318014 49.474 -0.0206313 -0.0242509 0.999493 0
0.729754 -0.683706 0.00226433 100.795 0.683227 0.72936 0.0351365 49.8046 -0.0256745 -0.024094 0.99938 0
0.729503 -0.683936 0.00754165 101.227 0.68333 0.729248 0.0354485 50.1419 -0.0297442 -0.0207063 0.999343 0
0.727427 -0.685942 0.0182642 101.672 0.685186 0.727546 0.0346039 50.4901 -0.0370243 -0.0126574 0.999234 0
0.729252 -0.684037 0.0168584 102.127 0.683321 0.729326 0.0340037 50.8508 -0.0355551 -0.0132776 0.999279 0
0.730473 -0.682797 0.0140653 102.593 0.682297 0.730523 0.0284152 51.2196 -0.0296769 -0.0111598 0.999497 0
0.730395 -0.682971 0.00855398 103.068 0.682716 0.730385 0.0208891 51.5982 -0.0205143 -0.00941736 0.999745 0
0.729818 -0.68364 -0.00120757 103.55 0.683595 0.729747 0.012937 51.9905 -0.00796302 -0.0102671 0.999916 0
0.7368 -0.676078 -0.00664587 104.303 0.675477 0.735648 0.0505326 53.5874 -0.029275 -0.0417216 0.9987 0
0.763985 -0.641861 0.0658863 104.925 0.6318 0.764897 0.125547 54.358 -0.13098 -0.0542893 0.989897 0
0.76086 -0.646662 0.0540469 105.39 0.636594 0.759972 0.131114 54.698 -0.12586 -0.0653533 0.989893 0
0.757248 -0.650714 0.0560935 105.87 0.64137 0.757092 0.124325 55.0616 -0.123368 -0.058168 0.990655 0
0.753624 -0.654362 0.062136 106.361 0.646911 0.75513 0.10623 55.4474 -0.116434 -0.0398613 0.992398 0
0.749821 -0.658929 0.0598356 106.86 0.653497 0.751703 0.0887976 55.8541 -0.10349 -0.02748 0.994251 0
0.747506 -0.66257 0.0472791 107.373 0.658244 0.748417 0.0811529 56.2765 -0.089154 -0.0295411 0.99558 0
0.742908 -0.668977 0.0236211 107.901 0.665261 0.741776 0.0848323 56.7142 -0.0742724 -0.0473084 0.996115 0
0.738431 -0.674329 0.00115957 108.439 0.671573 0.735566 0.0890575 57.1713 -0.0609069 -0.064984 0.996026 0
0.733179 -0.679963 -0.00992999 108.985 0.67788 0.729614 0.0902329 57.6469 -0.05411 -0.0728882 0.995871 0
0.728547 -0.684867 -0.0132795 109.537 0.683417 0.725418 0.0819126 58.1422 -0.046466 -0.0687527 0.996551 0
0.724845 -0.688817 -0.0114262 110.091 0.687822 0.722666 0.068226 58.6546 -0.0387379 -0.0573125 0.997604 0
0.721834 -0.692012 -0.00860546 110.65 0.691422 0.720571 0.0520743 59.1798 -0.0298352 -0.043539 0.998606 0
0.718891 -0.695019 -0.0120096 111.211 0.694797 0.717919 0.0430138 59.7169 -0.0212735 -0.0392665 0.999002 0
0.715679 -0.698077 -0.0221829 111.772 0.698337 0.714708 0.0389571 60.266 -0.0113408 -0.043372 0.998995 0
0.713076 -0.699994 -0.0391284 112.33 0.701077 0.712252 0.0344668 60.8256 0.00374271 -0.0520095 0.99864 0
0.710942 -0.700975 -0.056521 112.889 0.70309 0.710197 0.0358438 61.3923 0.0150154 -0.0652222 0.997758 0
0.708703 -0.701017 -0.0794715 113.445 0.705029 0.70786 0.043216 61.9688 0.0259595 -0.0866571 0.9959 0
0.706709 -0.700308 -0.100656 113.997 0.706469 0.70619 0.0468664 62.5548 0.0382614 -0.104231 0.993817 0
0.705604 -0.699881 -0.110856 114.545 0.706725 0.706459 0.0381623 63.1319 0.0516061 -0.105272 0.993104 0
0.705915 -0.702276 -0.0921582 115.079 0.707646 0.704847 0.0492729 63.4589 0.0303543 -0.0999978 0.994525 0
0.714106 -0.686866 -0.13516 115.63 0.69206 0.72175 -0.0114081 63.3657 0.105388 -0.0853923 0.990758 0
0.716417 -0.697619 -0.00867031 116.275 0.697124 0.715306 0.0485347 63.7975 -0.0276568 -0.0408153 0.998784 0
0.712444 -0.701675 -0.00873102 116.891 0.701353 0.711599 0.0416087 64.3813 -0.0229828 -0.0357674 0.999096 0
0.722258 -0.691611 -0.00423977 117.499 0.691168 0.721545 0.040727 64.9807 -0.0251081 -0.0323458 0.999161 0
0.710035 -0.704152 -0.0045679 118.101 0.70356 0.709139 0.046099 65.584 -0.0292214 -0.0359457 0.998926 0
0.712525 -0.701518 -0.0134637 118.703 0.701404 0.711642 0.0399756 66.1847 -0.0184623 -0.0379271 0.99911 0
0.717459 -0.6966 -0.000907362 119.301 0.695718 0.716483 0.0512739 66.7742 -0.0350673 -0.0374182 0.998684 0
0.713583 -0.70057 0.00078771 119.924 0.699048 0.712105 0.0650984 67.4303 -0.0461669 -0.0459024 0.997879 0
0.721459 -0.692391 0.009561 120.522 0.691743 0.721273 0.0354524 68.005 -0.031443 -0.0189637 0.999326 0
0.710682 -0.703482 0.00672809 121.13 0.702906 0.710432 0.0347758 68.5953 -0.029244 -0.0199853 0.999372 0
0.711876 -0.70227 0.00694353 121.744 0.701638 0.711597 0.0365288 69.2005 -0.0305941 -0.0211321 0.999308 0
0.710483 -0.703169 0.0277091 122.358 0.701203 0.710722 0.0564685 69.8035 -0.0594004 -0.0206902 0.99802 0
0.710365 -0.703404 0.0245763 122.941 0.700756 0.71009 0.0686552 70.383 -0.0657437 -0.0315483 0.997338 0
0.710465 -0.703187 0.027684 123.507 0.701241 0.71071 0.0561498 70.9536 -0.0591591 -0.0204793 0.998038 0
0.709914 -0.704187 0.0119586 124.091 0.703099 0.7096 0.0460469 71.5451 -0.0409115 -0.0242813 0.998868 0
0.701686 -0.700798 -0.128526 124.622 0.700322 0.711583 -0.0565654 72.1233 0.131098 -0.0503183 0.990092 0
0.702484 -0.70284 -0.11195 125.25 0.702697 0.709903 -0.0474748 72.7454 0.112841 -0.045317 0.992579 0
0.702091 -0.705601 -0.0958919 125.851 0.706004 0.707317 -0.0355011 73.3519 0.0928756 -0.0427751 0.994758 0
0.700151 -0.709077 -0.083658 126.44 0.709814 0.703918 -0.0257599 73.9507 0.0771541 -0.0413459 0.996162 0
0.69776 -0.71243 -0.0746672 127.019 0.713242 0.700637 -0.0198587 74.5521 0.0664625 -0.0393991 0.997011 0
0.696418 -0.714786 -0.06389 127.582 0.715943 0.698128 -0.00652137 75.1452 0.0492648 -0.0412 0.997936 0
0.694935 -0.717091 -0.0533456 128.143 0.718451 0.695505 0.0100435 75.7215 0.0299 -0.0453058 0.998526 0
0.694078 -0.718809 -0.0396027 128.708 0.719837 0.693693 0.0249943 76.2998 0.00950598 -0.0458555 0.998903 0
0.69341 -0.720103 -0.0251869 129.265 0.720513 0.692639 0.0333475 76.8795 -0.00656827 -0.041271 0.999126 0
0.691159 -0.722594 -0.0125339 129.816 0.72241 0.690283 0.0404049 77.456 -0.0205444 -0.0369808 0.999105 0
0.688268 -0.725456 0.000543166 130.362 0.724726 0.687608 0.0443642 78.0321 -0.0325578 -0.0301408 0.999015 0
0.688185 -0.725511 -0.00590414 130.895 0.72502 0.687367 0.0432646 78.601 -0.0273307 -0.0340547 0.999046 0
0.669163 -0.742182 0.0372464 131.421 0.740655 0.670184 0.0477918 79.1697 -0.0604322 -0.00439382 0.998163 0
0.68181 -0.727805 0.0737198 132.037 0.718952 0.685284 0.116165 80.0717 -0.135065 -0.0262016 0.99049 0
0.678515 -0.731242 0.070015 132.564 0.723201 0.681673 0.110915 80.67 -0.128833 -0.0246227 0.991361 0
0.675256 -0.734339 0.0691071 133.083 0.725721 0.678209 0.11559 81.2396 -0.131752 -0.0279007 0.99089 0
0.673242 -0.73679 0.0623304 133.598 0.728637 0.675406 0.113643 81.8195 -0.12583 -0.0310932 0.991565 0
0.670111 -0.74042 0.0522422 134.117 0.733766 0.671417 0.103863 82.4103 -0.111979 -0.0312665 0.993219 0
0.66582 -0.74516 0.0376772 134.649 0.740898 0.666283 0.0844757 83.0195 -0.0880517 -0.0283307 0.995713 0
0.659656 -0.751283 0.0206563 135.181 0.749191 0.659506 0.0613591 83.6439 -0.0597211 -0.0250004 0.997902 0
0.651111 -0.758971 0.00419286 135.7 0.758004 0.650542 0.0471607 84.2657 -0.0385212 -0.0275286 0.998879 0
0.642482 -0.766213 -0.011625 136.206 0.765994 0.641721 0.0380544 84.8911 -0.0216978 -0.0333539 0.999208 0
0.633907 -0.772978 -0.0258231 136.714 0.773398 0.633363 0.0265663 85.5284 -0.00417973 -0.0368121 0.999313 0
0.616606 -0.77788 -0.121242 137.192 0.77687 0.626152 -0.0663817 86.1504 0.127553 -0.053258 0.990401 0
0.609464 -0.784332 -0.11566 137.734 0.783471 0.618169 -0.0635682 86.8411 0.121356 -0.0518734 0.991253 0
0.60184 -0.790532 -0.113352 138.259 0.78986 0.610175 -0.0617003 87.5367 0.117941 -0.0523985 0.991637 0
0.595457 -0.796042 -0.108393 138.763 0.795899 0.602891 -0.0553833 88.227 0.109436 -0.0532912 0.992564 0
0.589008 -0.801543 -0.102946 139.253 0.801835 0.595527 -0.0490867 88.9054 0.100652 -0.0536331 0.993475 0
0.582906 -0.806552 -0.0984666 139.735 0.807027 0.588776 -0.0452728 89.5794 0.0944896 -0.0530754 0.99411 0
0.577182 -0.81081 -0.0971972 140.209 0.811141 0.582996 -0.0465377 90.2559 0.0943989 -0.0519798 0.994177 0
0.572082 -0.814283 -0.0983162 140.667 0.814293 0.578225 -0.0508165 90.928 0.0982279 -0.050987 0.993857 0
0.568493 -0.816346 -0.101956 141.11 0.815793 0.575394 -0.0583334 91.5868 0.106285 -0.0500131 0.993077 0
0.596218 -0.789555 -0.14535 141.537 0.792533 0.607744 -0.0503963 92.2135 0.128127 -0.0851478 0.988096 0
0.523738 -0.851416 -0.0280854 142.011 0.851776 0.523903 0.00172331 92.8138 0.0132468 -0.024825 0.999604 0
0.550647 -0.83384 -0.0386996 142.498 0.834664 0.54939 0.0388033 93.4243 -0.0110946 -0.0536681 0.998497 0
0.566439 -0.823619 -0.0282598 142.973 0.823487 0.564358 0.058044 94.0819 -0.0318575 -0.05615 0.997914 0
0.568363 -0.822605 -0.0168852 143.44 0.821424 0.566131 0.0689873 94.747 -0.04719 -0.0530797 0.997475 0
0.568462 -0.822646 -0.0102371 143.906 0.821134 0.566561 0.0689013 95.4271 -0.0508814 -0.0475738 0.997571 0
0.566085 -0.824327 -0.00573523 144.376 0.82292 0.564682 0.062747 96.1204 -0.0484855 -0.0402397 0.998013 0
0.56406 -0.825731 -0.0021912 144.832 0.823767 0.562532 0.0704729 96.8237 -0.056959 -0.041556 0.997511 0
0.560698 -0.827985 0.00760732 145.277 0.824499 0.559137 0.0869863 97.5271 -0.0762769 -0.0425008 0.99618 0
0.557873 -0.82967 0.0206271 145.733 0.824213 0.556773 0.103328 98.2406 -0.0972128 -0.0406428 0.994433 0
0.546509 -0.837389 0.0104135 146.179 0.835123 0.545873 0.0677628 99.0015 -0.0624282 -0.0283364 0.997647 0
0.53647 -0.84382 0.0129371 146.609 0.842252 0.53631 0.0546187 99.6747 -0.0530266 -0.018405 0.998423 0
0.526238 -0.850268 0.010823 147.045 0.849599 0.526269 0.0349685 100.362 -0.0354284 -0.0092065 0.99933 0
0.520168 -0.854061 -0.00242224 147.501 0.853926 0.52003 0.0194889 101.14 -0.015385 -0.0122059 0.999807 0
0.514771 -0.857327 0.0011631 147.957 0.857238 0.514737 0.0137191 101.923 -0.0123604 -0.00606514 0.999905 0
0.508577 -0.860996 0.00595169 148.396 0.860902 0.508609 0.0128187 102.635 -0.014064 -0.00139547 0.9999 0
0.503551 -0.863937 0.00699228 148.826 0.863628 0.503563 0.0238976 103.371 -0.0241671 -0.00599492 0.99969 0
0.499453 -0.866301 0.00834512 149.244 0.86555 0.499386 0.0379024 104.111 -0.0370023 -0.0117074 0.999247 0
0.498565 -0.866782 0.0110638 149.653 0.86582 0.498554 0.0424241 104.844 -0.0422883 -0.0115719 0.999038 0
0.481174 -0.876509 0.0142681 150.05 0.875831 0.481367 0.0347257 105.566 -0.0373056 -0.00421267 0.999295 0
0.501122 -0.865376 0.000786103 150.435 0.865105 0.500988 0.0245932 106.282 -0.0216762 -0.0116442 0.999697 0
0.49624 -0.868181 0.00266795 150.827 0.867687 0.496057 0.032363 107.009 -0.0294204 -0.0137449 0.999473 0
0.495143 -0.86879 -0.00608728 151.251 0.86874 0.495 0.0163136 107.832 -0.0111599 -0.0133658 0.999848 0
0.491643 -0.870672 0.014713 151.673 0.870662 0.491794 0.0092507 108.574 -0.0152901 0.00826204 0.999849 0
0.492385 -0.870354 -0.00640015 152.09 0.870092 0.492022 0.0292251 109.323 -0.0222872 -0.0199587 0.999552 0
0.487517 -0.873109 -0.00262793 152.501 0.872731 0.487212 0.0310668 110.066 -0.0258444 -0.0174391 0.999514 0
0.485565 -0.874201 0.000147291 152.906 0.873843 0.48537 0.0285427 110.798 -0.0250235 -0.0137306 0.999593 0
0.484053 -0.875031 0.00365186 153.308 0.874844 0.48403 0.0190778 111.527 -0.0184613 -0.00603986 0.999811 0
0.486812 -0.873129 -0.0256934 153.696 0.87212 0.487485 -0.0420187 112.281 0.0492129 -0.00195247 0.998786 0
0.484568 -0.874547 -0.0190094 154.122 0.873604 0.48493 -0.0407172 113.035 0.0448273 0.00312351 0.99899 0
0.487098 -0.87029 -0.0730064 154.499 0.863792 0.492414 -0.106729 113.779 0.128835 -0.0110747 0.991604 0
0.486 -0.863466 -0.135022 154.885 0.844395 0.503766 -0.182255 114.558 0.22539 -0.0254359 0.973936 0
0.483268 -0.86748 -0.118025 155.326 0.850916 0.49713 -0.169714 115.353 0.205897 -0.0184117 0.9784 0
0.480068 -0.871487 -0.100224 155.744 0.857527 0.490291 -0.155761 116.113 0.184883 -0.011169 0.982697 0
0.478608 -0.873739 -0.0866883 156.146 0.86319 0.486295 -0.135722 116.843 0.160742 -0.00987069 0.986947 0
0.478044 -0.865567 -0.149226 156.506 0.841168 0.500059 -0.205857 117.543 0.252805 -0.0271155 0.967137 0
0.475475 -0.869965 -0.130708 156.924 0.850492 0.492557 -0.184528 118.296 0.224915 -0.0234279 0.974097 0
0.471441 -0.875807 -0.103467 157.326 0.86222 0.482384 -0.154536 119.036 0.185255 -0.0163565 0.982554 0
0.481357 -0.866352 -0.133154 157.695 0.848895 0.498615 -0.175389 119.771 0.218341 -0.0286089 0.975453 0
0.470658 -0.876625 -0.100045 158.08 0.862678 0.481005 -0.156274 120.498 0.185116 -0.0127549 0.982634 0
0.456969 -0.887536 -0.058816 158.452 0.87809 0.460678 -0.129358 121.206 0.141905 0.00746673 0.989852 0
0.443385 -0.895962 -0.0257349 158.822 0.890195 0.443522 -0.104124 121.897 0.104706 0.0232582 0.994231 0
0.4069 -0.913048 0.027859 159.192 0.912361 0.404712 -0.0616844 122.57 0.0450459 0.0505169 0.997707 0
0.43035 -0.902613 0.00944719 159.556 0.902314 0.42987 -0.0322492 123.234 0.0250475 0.0224028 0.999435 0
0.45035 -0.892819 -0.00771787 159.914 0.892706 0.450416 -0.0142224 123.891 0.0161743 -0.000484725 0.999869 0
0.467298 -0.883933 -0.0171835 160.261 0.88408 0.467329 0.0024447 124.544 0.0058694 -0.016334 0.999849 0
0.485098 -0.874216 -0.0206479 160.602 0.874442 0.484804 0.0177836 125.218 -0.00553654 -0.0266822 0.999629 0
0.490509 -0.871261 -0.0174578 160.925 0.871326 0.49003 0.0257248 125.851 -0.0138582 -0.0278297 0.999517 0
0.495929 -0.868196 -0.0170465 161.246 0.868005 0.495064 0.0384582 126.471 -0.0249502 -0.033869 0.999115 0
0.497604 -0.867221 -0.0178627 161.567 0.867296 0.49711 0.0260779 127.122 -0.0137356 -0.0284687 0.9995 0
0.495117 -0.868637 -0.0181423 161.881 0.868703 0.494587 0.0271832 127.724 -0.0146393 -0.0292191 0.999466 0
0.492817 -0.870062 -0.0111011 162.192 0.869933 0.49239 0.0277379 128.307 -0.0186676 -0.0233269 0.999554 0
0.492191 -0.87047 -0.00539269 162.514 0.870156 0.491824 0.0306231 128.899 -0.0240042 -0.0197649 0.999516 0
0.494392 -0.869215 -0.00651793 162.845 0.868884 0.493962 0.03228 129.5 -0.0248386 -0.0216223 0.999458 0
0.501082 -0.865334 -0.0106983 163.161 0.865245 0.50072 0.025117 130.139 -0.0163778 -0.0218423 0.999627 0
0.505036 -0.863005 -0.0127079 163.474 0.862981 0.50467 0.0239335 130.705 -0.0142415 -0.0230539 0.999633 0
0.511928 -0.858924 -0.0133754 163.793 0.858992 0.511701 0.0171374 131.27 -0.00787549 -0.0202625 0.999764 0
0.515819 -0.856608 -0.012387 164.121 0.856673 0.515639 0.0151068 131.826 -0.00655338 -0.018404 0.999809 0
0.519952 -0.854079 -0.0141123 164.463 0.854172 0.519745 0.0159654 132.362 -0.00630089 -0.0203556 0.999773 0
0.527796 -0.849266 -0.0133523 164.819 0.849354 0.527617 0.0147849 132.911 -0.00551139 -0.0191442 0.999802 0
0.518862 -0.854848 -0.00413062 165.184 0.854827 0.518797 0.010949 133.47 -0.00721679 -0.009212 0.999932 0
0.544793 -0.838571 0.000195696 165.55 0.838486 0.544741 0.0141006 134.096 -0.0119309 -0.00751779 0.999901 0
0.546107 -0.83758 0.0150635 165.906 0.837111 0.546307 0.0281701 134.636 -0.031824 -0.00277399 0.99949 0
0.548976 -0.835835 -0.00216265 166.256 0.835822 0.548948 0.00762797 135.181 -0.00518854 -0.00599516 0.999969 0
0.546656 -0.837124 0.0197476 166.607 0.837065 0.546937 0.0135188 135.81 -0.0221176 0.00913986 0.999714 0
0.545402 -0.837785 0.0255498 166.952 0.833378 0.545285 0.0902502 137.179 -0.0895422 -0.02793 0.995591 0
0.544804 -0.838185 0.0252073 167.302 0.834253 0.544802 0.0849313 137.64 -0.0849211 -0.0252416 0.996068 0
0.544545 -0.838497 0.0198335 167.649 0.834929 0.544174 0.0822686 138.117 -0.0797749 -0.0282394 0.996413 0
0.559195 -0.829036 -0.000258769 167.992 0.826629 0.557547 0.0763213 138.628 -0.0631289 -0.0428924 0.997083 0
0.522748 -0.852424 0.0103934 168.34 0.850477 0.522314 0.06227 139.129 -0.0585091 -0.0237122 0.998005 0
0.55493 -0.831788 -0.0134424 168.697 0.831129 0.553651 0.0519202 139.64 -0.0357442 -0.0399844 0.998561 0
0.51462 -0.857381 0.00796235 169.057 0.856603 0.514514 0.0388124 140.166 -0.0373738 -0.0131531 0.999215 0
0.552401 -0.833547 -0.00724406 169.408 0.833195 0.551861 0.0351485 140.77 -0.0253002 -0.0254518 0.999356 0
0.504139 -0.863622 0.000667675 169.764 0.862581 0.503568 0.0487131 141.327 -0.0424059 -0.0239822 0.998813 0
0.538865 -0.842388 0.00266429 170.127 0.841218 0.538278 0.0510839 141.893 -0.0444666 -0.025286 0.998691 0
0.495427 -0.868555 0.0128197 170.49 0.867476 0.49547 0.0446694 142.467 -0.0451496 -0.0110096 0.99892 0
0.501544 -0.865109 0.00638894 170.845 0.864539 0.50146 0.0333138 143.052 -0.0320238 -0.0111848 0.999425 0
0.502599 -0.864515 -0.00283057 171.199 0.864349 0.502432 0.0215201 143.647 -0.0171823 -0.0132626 0.999764 0
0.501729 -0.865006 -0.00573426 171.559 0.865024 0.50171 0.00449613 144.247 -0.00101224 -0.00721611 0.999973 0
0.50224 -0.864724 -0.0027229 171.922 0.864692 0.502245 -0.00763882 144.856 0.00797304 0.00148205 0.999967 0
0.525533 -0.85064 0.0150597 172.023 0.848962 0.525487 0.05593 148.036 -0.05549 -0.0166079 0.998321 0
0.5242 -0.851329 0.0212801 172.409 0.849541 0.524507 0.0563231 148.524 -0.0591111 -0.0114462 0.998186 0
0.592336 -0.797736 0.112941 172.729 0.784055 0.603005 0.147111 149.121 -0.18546 0.00141297 0.982651 0
0.590407 -0.796878 0.128082 173.111 0.786312 0.603697 0.131393 149.686 -0.182027 0.0231366 0.983021 0
0.594937 -0.803406 -0.0242701 173.495 0.800313 0.589308 0.110525 150.261 -0.0744939 -0.0851792 0.993577 0
0.601593 -0.79586 0.0685065 173.894 0.789943 0.605467 0.0969538 150.826 -0.11864 -0.00421051 0.992928 0
0.595564 -0.800795 -0.0634806 174.289 0.802449 0.589416 0.0930823 151.393 -0.0371234 -0.106376 0.993633 0
0.594852 -0.802335 -0.0490946 174.674 0.802891 0.590083 0.0846692 151.955 -0.0389632 -0.0897833 0.995199 0
0.593554 -0.803918 -0.0375408 175.05 0.803893 0.590038 0.0748998 152.511 -0.0380628 -0.074636 0.996484 0
0.591839 -0.805029 -0.0406841 175.415 0.805643 0.589165 0.0618421 153.058 -0.025815 -0.0693774 0.997256 0
0.587761 -0.808113 -0.038593 175.769 0.808983 0.586518 0.0392821 153.596 -0.00910889 -0.0543096 0.998483 0
