0.478682 -0.87775 0.0204598 0.683951 0.877971 0.478687 -0.00496789 0.553054 -0.0054333 0.0203412 0.999778 0
0.475657 -0.879517 0.0141418 1.52598 0.87963 0.475623 -0.00590403 2.12769 -0.00153348 0.0152478 0.999883 0
0.473626 -0.880612 0.0141878 2.35498 0.880723 0.473606 -0.00497511 3.70278 -0.0023383 0.0148519 0.999887 0
0.471544 -0.881706 0.015514 3.20835 0.881833 0.471548 -0.00366431 5.32488 -0.00408476 0.0154087 0.999873 0
0.468933 -0.883085 0.0161825 4.06238 0.88323 0.468904 -0.00578807 6.95273 -0.00247671 0.0170071 0.999852 0
0.468421 -0.883362 0.0159192 4.91882 0.883472 0.468484 0.000261235 8.58741 -0.00768866 0.0139418 0.999873 0
0.470058 -0.882413 0.0197919 5.80882 0.88253 0.470231 0.00493294 10.268 -0.0136596 0.0151481 0.999792 0
0.47282 -0.880875 0.0223929 6.68677 0.88107 0.472981 0.00223962 11.9446 -0.0125643 0.0186708 0.999747 0
0.475036 -0.879785 0.0178412 7.57958 0.879948 0.47506 -0.00318724 13.6434 -0.00567154 0.0172134 0.999836 0
0.475745 -0.879379 0.0189489 8.50082 0.879521 0.475857 0.00167248 15.3377 -0.0104877 0.0158703 0.999819 0
0.473895 -0.879826 0.0364615 9.43507 0.880468 0.474093 -0.00356807 17.0549 -0.0141469 0.033794 0.999329 0
0.471502 -0.881168 0.035053 10.3612 0.88183 0.471464 -0.00987895 18.787 -0.00782117 0.0355687 0.999337 0
0.468712 -0.882893 0.0284356 11.2937 0.88332 0.468722 -0.00671675 20.564 -0.00739822 0.028266 0.999573 0
0.467235 -0.883853 0.0222789 12.2268 0.884057 0.467376 0.00132217 22.3169 -0.0115812 0.019078 0.999751 0
0.465886 -0.884591 0.0211922 13.1085 0.884672 0.466135 0.00861467 24.0633 -0.0174989 0.0147347 0.999738 0
0.465252 -0.884907 0.0219092 14.0301 0.884942 0.465557 0.0115737 25.8789 -0.0204417 0.0140037 0.999693 0
0.465357 -0.88484 0.0223982 14.9448 0.884974 0.465594 0.00658066 27.6572 -0.0162513 0.0167594 0.999727 0
0.463856 -0.885698 0.0194223 15.8496 0.885755 0.464074 0.00858209 29.3728 -0.0166145 0.0132226 0.999775 0
0.462677 -0.886223 0.0231985 16.7792 0.88638 0.462918 0.00609927 31.1834 -0.0161443 0.0177407 0.999712 0
0.462528 -0.886514 0.012681 17.6745 0.886551 0.46261 0.00431401 32.863 -0.00969079 0.00924701 0.99991 0
0.462008 -0.886705 0.0174181 18.5624 0.886732 0.462198 0.00890225 34.6106 -0.0159443 0.0113323 0.999809 0
0.461883 -0.886722 0.0197117 19.4482 0.886795 0.462096 0.00787824 36.3322 -0.0160945 0.0138415 0.999775 0
0.460186 -0.88755 0.022017 20.3278 0.887703 0.460389 0.00499084 38.0339 -0.014566 0.0172479 0.999745 0
0.458941 -0.887924 0.0310444 21.2219 0.888157 0.459424 0.0103796 39.7575 -0.0234788 0.0228087 0.999464 0
0.456786 -0.889107 0.0289184 22.0951 0.889231 0.457273 0.0130255 41.4127 -0.0248046 0.0197653 0.999497 0
0.454647 -0.89041 0.0215732 22.9513 0.890581 0.454813 0.00322016 43.0997 -0.012679 0.0177486 0.999762 0
0.453017 -0.891401 0.0133873 23.7285 0.891383 0.453151 0.0095182 44.6634 -0.014551 0.00762134 0.999865 0
0.45013 -0.892857 0.0137477 24.5356 0.892819 0.450281 0.0110424 46.2541 -0.0160496 0.00730366 0.999845 0
0.447715 -0.894155 0.00626419 25.2823 0.894022 0.447757 0.0154251 47.7775 -0.0165972 -0.00130571 0.999861 0
0.445681 -0.895192 0.000335393 26.006 0.895043 0.445614 0.0180589 49.2559 -0.0163157 -0.00774833 0.999837 0
0.443615 -0.896203 0.00500154 26.702 0.895902 0.443601 0.0240365 50.6941 -0.0237602 -0.00618205 0.999699 0
0.439427 -0.898239 0.00839551 27.3794 0.897956 0.4395 0.0226742 52.1104 -0.0240567 -0.00242487 0.999708 0
0.437645 -0.899131 -0.00541748 28.3134 0.899105 0.437558 0.0124139 54.0564 -0.0087913 -0.0103038 0.999908 0
0.434927 -0.900461 -0.00281082 29.1353 0.900369 0.434833 0.0160201 55.8063 -0.0132032 -0.00949835 0.999868 0
0.438078 -0.898929 -0.00388239 29.9457 0.898934 0.438062 0.00434021 57.4451 -0.00220082 -0.00539136 0.999983 0
0.451399 -0.89232 -0.00180621 30.6651 0.892252 0.451337 0.0134678 58.9171 -0.0112023 -0.00769093 0.999908 0
0.481609 -0.876383 0.0025056 31.3909 0.876236 0.481577 0.0171587 60.3537 -0.0162442 -0.0060683 0.99985 0
0.538401 -0.842687 0.00164255 32.1988 0.842515 0.538329 0.0192325 61.5274 -0.0170912 -0.00897092 0.999814 0
0.659811 -0.751391 0.00772493 33.1832 0.751086 0.659785 0.0235228 62.8196 -0.0227716 -0.00971852 0.999693 0
0.802952 -0.59602 0.00529605 34.4877 0.595798 0.802844 0.0215917 63.8057 -0.017121 -0.0141817 0.999753 0
0.927651 -0.373423 0.00446916 35.919 0.373305 0.927558 0.0167056 64.5453 -0.0103837 -0.0138286 0.99985 0
0.997162 -0.0745353 0.0105759 37.773 0.0743956 0.997143 0.013042 64.8452 -0.0115178 -0.0122182 0.999859 0
0.98456 0.174958 0.00551433 39.5999 -0.174971 0.984571 0.00198339 64.6245 -0.00508224 -0.00291762 0.999983 0
0.94446 0.328621 0.00206367 41.4272 -0.328614 0.944346 0.014934 64.0194 0.0029588 -0.0147827 0.999886 0
0.913838 0.405719 -0.0170668 43.007 -0.405636 0.913997 0.00825204 63.3738 0.018947 -0.000618134 0.99982 0
0.888937 0.457948 -0.00865039 44.6847 -0.457929 0.888979 0.00426182 62.4668 0.00964171 0.000172771 0.999954 0
0.875861 0.482378 -0.0133805 46.1489 -0.482433 0.875932 -0.00105659 61.7118 0.0112107 0.00738061 0.99991 0
0.868197 0.496 -0.0147478 47.6322 -0.496054 0.868292 3.50154e-05 60.8035 0.0128228 0.00728532 0.999891 0
0.862466 0.505944 -0.0131412 49.3419 -0.505971 0.862549 0.0014431 59.8432 0.0120651 0.00540444 0.999913 0
0.861629 0.507269 -0.0165482 51.1223 -0.507395 0.861703 -0.00422599 58.7897 0.0121159 0.0120377 0.999854 0
0.866032 0.499691 -0.0172401 52.3754 -0.499847 0.866092 -0.00608857 58.0506 0.0118891 0.0138903 0.999833 0
0.870889 0.491185 -0.0169774 53.7307 -0.491353 0.870929 -0.00742373 57.3087 0.0111397 0.0148072 0.999828 0
0.873561 0.486501 -0.0144223 55.1159 -0.486634 0.873572 -0.00773082 56.5655 0.0088379 0.0137718 0.999866 0
0.878286 0.477817 -0.0174832 56.5237 -0.477976 0.878351 -0.0062382 55.7647 0.0123756 0.0138355 0.999828 0
0.880523 0.473685 -0.0173697 57.9675 -0.473656 0.880689 0.00605506 55.0138 0.0181655 0.00289563 0.999831 0
0.879737 0.475288 -0.0127793 59.4969 -0.475193 0.879826 0.00986866 54.24 0.0159341 -0.00260918 0.99987 0
0.879916 0.475024 -0.00996269 60.9031 -0.47487 0.879935 0.0145756 53.5104 0.0156903 -0.00809435 0.999844 0
0.880601 0.473693 -0.0124997 62.3588 -0.47355 0.880673 0.0128443 52.7149 0.0170924 -0.00539151 0.999839 0
0.879426 0.475964 -0.00826771 63.8256 -0.475719 0.879342 0.021175 51.9804 0.0173487 -0.0146887 0.999742 0
0.875366 0.48346 -0.000899775 65.2768 -0.483282 0.875091 0.0255641 51.2341 0.0131466 -0.0219431 0.999673 0
0.869939 0.493153 0.00242898 66.6924 -0.493011 0.869546 0.0288023 50.4532 0.0120918 -0.0262537 0.999582 0
0.859827 0.510581 0.0018866 68.0822 -0.510423 0.859456 0.0283645 49.688 0.0128609 -0.0253515 0.999596 0
0.848749 0.528792 0.00202714 69.4732 -0.528663 0.848444 0.02568 48.8272 0.0118594 -0.0228675 0.999668 0
0.83616 0.548462 0.00513577 70.8277 -0.54837 0.835753 0.0284073 47.9616 0.0112881 -0.0265693 0.999583 0
0.8242 0.566295 0.00201056 72.0753 -0.566113 0.823832 0.0285828 47.1312 0.0145299 -0.0246961 0.999589 0
0.811718 0.584042 0.00298073 73.3681 -0.583844 0.811288 0.0306323 46.2079 0.0154723 -0.0266051 0.999526 0
0.801514 0.597971 0.00234308 74.5353 -0.597748 0.801095 0.0307166 45.3281 0.0164906 -0.0260204 0.999525 0
0.790511 0.612448 -0.000426523 75.7612 -0.612276 0.790305 0.0231533 44.4415 0.0145173 -0.0180418 0.999732 0
0.785213 0.619226 -0.000266528 76.8987 -0.619082 0.785039 0.0212362 43.5399 0.0133592 -0.01651 0.999774 0
0.781051 0.624466 -0.000818858 78.5025 -0.624396 0.780982 0.0140459 42.2584 0.00941073 -0.0104593 0.999901 0
0.78661 0.617403 -0.00764986 80.0099 -0.6173 0.786632 0.0122684 41.0587 0.0135922 -0.00492817 0.999895 0
0.806693 0.590874 -0.0106755 81.4178 -0.590797 0.806762 0.00961349 39.9655 0.0142929 -0.0014481 0.999897 0
0.838733 0.544283 -0.0167781 82.7844 -0.544138 0.8389 0.0126592 39.1189 0.0209654 -0.0014881 0.999779 0
0.886367 0.462706 -0.01602 84.1376 -0.46247 0.886483 0.0164195 38.478 0.0217989 -0.00714495 0.999737 0
0.940124 0.340759 -0.00706826 85.5706 -0.340616 0.940064 0.0161506 37.944 0.0121481 -0.012776 0.999845 0
0.993643 0.111924 -0.0120954 87.5174 -0.111796 0.993672 0.0108418 37.7286 0.0132323 -0.00942066 0.999868 0
0.985835 -0.166104 -0.0232069 89.3776 0.166397 0.985994 0.0113299 37.9955 0.0209999 -0.015031 0.999666 0
0.904142 -0.427079 -0.0114097 91.1786 0.42721 0.904042 0.0141368 38.7327 0.00427732 -0.017656 0.999835 0
0.791591 -0.611044 -0.00312251 92.6849 0.610789 0.79109 0.0333745 39.8015 -0.0179231 -0.0283262 0.999438 0
0.730972 -0.682371 -0.00711338 93.6948 0.682212 0.730473 0.0315621 40.7739 -0.0163409 -0.0279238 0.999476 0
0.705271 -0.708855 -0.010847 94.6997 0.70872 0.704593 0.035568 41.8156 -0.0175699 -0.0327726 0.999308 0
0.701652 -0.71201 -0.0269265 95.8529 0.71248 0.700716 0.0370136 42.9545 -0.00748631 -0.0451553 0.998952 0
0.710813 -0.702578 -0.0335976 97.0304 0.70337 0.710258 0.028352 44.1622 0.00394344 -0.0437845 0.999033 0
0.720611 -0.692434 -0.0354118 98.3823 0.693339 0.719675 0.0367217 45.472 5.76172e-05 -0.0510145 0.998698 0
0.727682 -0.685492 -0.0240932 99.6864 0.685839 0.726627 0.0404805 46.7983 -0.0102423 -0.045981 0.99889 0
0.728681 -0.684226 -0.0292905 101.223 0.684848 0.728168 0.0274719 48.1444 0.00253139 -0.0400778 0.999193 0
0.724525 -0.688302 -0.0361204 102.248 0.689238 0.723811 0.0323787 49.119 0.00385801 -0.0483547 0.998823 0
0.72201 -0.691415 -0.0254338 103.318 0.691855 0.721167 0.0354125 50.1707 -0.00614266 -0.0431647 0.999049 0
0.718767 -0.694699 -0.0277032 104.347 0.695238 0.717933 0.0348929 51.1697 -0.00435107 -0.0443402 0.999007 0
0.713086 -0.700182 -0.0354069 105.474 0.701069 0.712391 0.0316253 52.2738 0.00308011 -0.0473743 0.998872 0
0.709291 -0.704074 -0.0344526 106.636 0.704916 0.708498 0.033532 53.4073 0.000800643 -0.0480701 0.998844 0
0.705655 -0.708004 -0.0279342 107.792 0.708543 0.704857 0.0338297 54.5343 -0.00426199 -0.0436647 0.999037 0
0.703705 -0.710155 -0.0219046 108.93 0.710474 0.70313 0.028896 55.6989 -0.00511879 -0.0358969 0.999342 0
0.703954 -0.709597 -0.0303646 110.09 0.710242 0.703165 0.0333892 56.8755 -0.00234153 -0.0450706 0.998981 0
0.706766 -0.706151 -0.0427918 111.262 0.707444 0.705306 0.0454482 58.0804 -0.00191197 -0.0623941 0.99805 0
0.710766 -0.7021 -0.0432262 112.478 0.703424 0.709194 0.0473124 59.3209 -0.00256229 -0.0640344 0.997944 0
0.71268 -0.700269 -0.0413714 113.67 0.70149 0.711455 0.0417654 60.5038 0.000186919 -0.058787 0.998271 0
0.714128 -0.69909 -0.0359697 114.938 0.700015 0.713166 0.0370555 61.7128 -0.000252802 -0.0516417 0.998666 0
0.716447 -0.696698 -0.036275 116.166 0.697617 0.715018 0.0456057 62.935 -0.00583611 -0.0579801 0.998301 0
0.717435 -0.695702 -0.0358688 117.408 0.696608 0.716101 0.0440008 64.141 -0.00492579 -0.0565542 0.998387 0
0.716212 -0.696543 -0.0432288 118.568 0.697747 0.71592 0.0246546 65.2993 0.0137753 -0.0478207 0.998761 0
0.716614 -0.69674 -0.0319091 119.783 0.697467 0.71572 0.035845 66.506 -0.00213666 -0.0479426 0.998848 0
0.714986 -0.698984 -0.0146891 121.015 0.698842 0.713915 0.0441016 67.6603 -0.0203396 -0.0417973 0.998919 0
0.713288 -0.700011 -0.034698 122.183 0.700863 0.712644 0.0304875 68.823 0.00338571 -0.0460649 0.998933 0
0.710334 -0.702917 -0.0365163 123.356 0.703864 0.709462 0.0352124 70.0167 0.00115549 -0.0507151 0.998712 0
0.703092 -0.710145 -0.036814 124.516 0.711087 0.702431 0.0307348 71.2399 0.00403315 -0.0477873 0.998849 0
0.69993 -0.712916 -0.0429855 125.618 0.714206 0.698887 0.0383079 72.3815 0.00273164 -0.0575134 0.998341 0
0.698484 -0.714437 -0.0412333 126.777 0.715625 0.697267 0.0412213 73.596 -0.000699424 -0.0583 0.998299 0
0.69505 -0.717975 -0.0376502 127.944 0.718959 0.69422 0.0340154 74.7562 0.00171535 -0.0507113 0.998712 0
0.686617 -0.726092 -0.0367239 128.998 0.727004 0.686057 0.0281215 75.9175 0.00477589 -0.0460071 0.99893 0
0.677907 -0.734631 -0.0275508 130.129 0.735127 0.677131 0.0328894 77.0899 -0.00550608 -0.0425493 0.999079 0
0.670239 -0.741855 -0.0207536 131.154 0.741838 0.668896 0.047487 78.2926 -0.0213465 -0.0472235 0.998656 0
0.662704 -0.748367 -0.0277411 132.267 0.748843 0.661846 0.0345479 79.5181 -0.00749418 -0.0436689 0.999018 0
0.652584 -0.756876 -0.0356826 133.284 0.757715 0.651795 0.0320956 80.7131 -0.00103459 -0.0479824 0.998848 0
0.639729 -0.767577 -0.0396409 134.316 0.768591 0.638612 0.0379886 81.9874 -0.00384404 -0.0547701 0.998492 0
0.626557 -0.777908 -0.0478121 135.325 0.77937 0.625611 0.0345423 83.2369 0.0030411 -0.058906 0.998259 0
0.613183 -0.788568 -0.0465538 136.331 0.789936 0.611911 0.0395724 84.584 -0.00271874 -0.0610397 0.998132 0
0.600894 -0.798346 -0.0396362 137.329 0.799207 0.599195 0.0472727 85.9347 -0.0139902 -0.0600834 0.998095 0
0.591723 -0.805109 -0.040799 138.282 0.80599 0.589873 0.0492924 87.2684 -0.0156195 -0.0620511 0.997951 0
0.584971 -0.809321 -0.0529908 139.196 0.81103 0.583196 0.0459632 88.591 -0.00629497 -0.0698642 0.997537 0
0.579365 -0.813068 -0.0570676 140.189 0.815056 0.577553 0.0459964 90.001 -0.00443866 -0.073162 0.99731 0
0.575393 -0.816186 -0.0525647 141.111 0.817592 0.572306 0.0633205 91.3804 -0.0215982 -0.0794107 0.996608 0
0.566634 -0.822848 -0.0429638 142.041 0.823832 0.564816 0.04779 92.666 -0.0150573 -0.0624744 0.997933 0
0.556187 -0.829477 -0.0512267 142.949 0.831022 0.554536 0.0435121 93.9992 -0.00768526 -0.0667714 0.997739 0
0.543389 -0.838349 -0.0435788 143.835 0.83928 0.541391 0.0500533 95.3949 -0.018369 -0.0637733 0.997795 0
0.534146 -0.84501 -0.0254094 144.792 0.845096 0.532922 0.0425085 96.8142 -0.0223789 -0.0441791 0.998773 0
0.524194 -0.851118 -0.0285965 145.702 0.851526 0.523416 0.0306512 98.139 -0.01112 -0.0404179 0.999121 0
0.51203 -0.858348 -0.0326215 146.578 0.858895 0.511124 0.0324193 99.6417 -0.0111534 -0.0446181 0.998942 0
0.503258 -0.863695 -0.0275991 147.443 0.863586 0.501542 0.051717 101.167 -0.0308256 -0.0498612 0.99828 0
0.497139 -0.867237 -0.0274463 148.223 0.867372 0.495887 0.041977 102.638 -0.0227938 -0.0446745 0.998742 0
0.493507 -0.868477 -0.0469003 149.036 0.869706 0.492275 0.0357339 104.074 -0.00794616 -0.0584244 0.99826 0
0.490936 -0.870414 -0.0368968 149.863 0.871016 0.489534 0.0410768 105.589 -0.0176916 -0.0523037 0.998474 0
0.488955 -0.871902 -0.0266467 150.724 0.871918 0.487593 0.0448525 107.09 -0.0261143 -0.0451646 0.998638 0
0.485802 -0.873638 -0.0274538 151.516 0.874028 0.485237 0.0248895 108.531 -0.00842278 -0.0360868 0.999313 0
0.482969 -0.875041 -0.0323105 152.308 0.875625 0.482433 0.0232257 110.035 -0.00473583 -0.0395092 0.999208 0
0.481162 -0.876297 -0.0242231 153.149 0.87644 0.480295 0.0342157 111.587 -0.0183489 -0.0376934 0.999121 0
0.479884 -0.876954 -0.0257558 153.967 0.877274 0.479308 0.0255799 113.145 -0.0100874 -0.0348703 0.999341 0
0.47901 -0.876971 -0.0383633 154.742 0.877727 0.477911 0.0345871 114.591 -0.0119977 -0.0502401 0.998665 0
0.478853 -0.876975 -0.0401895 155.528 0.877713 0.47732 0.0422431 116.069 -0.0178629 -0.0555031 0.998299 0
0.477867 -0.877349 -0.0436069 156.351 0.878301 0.476351 0.0409377 117.54 -0.0151445 -0.0578628 0.99821 0
0.474979 -0.878613 -0.0493284 157.049 0.87993 0.473506 0.0389109 118.983 -0.0108304 -0.0618874 0.998024 0
0.472391 -0.880276 -0.0442855 157.792 0.881042 0.470199 0.0517498 120.399 -0.0247311 -0.0634635 0.997678 0
0.469954 -0.881966 -0.0357685 158.494 0.882398 0.468368 0.0447782 121.737 -0.02274 -0.0526057 0.998356 0
0.472195 -0.880584 -0.0400393 159.231 0.881413 0.471046 0.0350301 123.035 -0.0119866 -0.0518322 0.998584 0
0.478813 -0.876812 -0.0440372 160.193 0.877911 0.478021 0.0277209 124.873 -0.00325529 -0.0519339 0.998645 0
0.493994 -0.868375 -0.043516 161.168 0.869215 0.492035 0.0486462 126.577 -0.0208318 -0.0618558 0.997868 0
0.511623 -0.857435 -0.0552092 162.111 0.85921 0.510523 0.0335341 128.311 -0.000567697 -0.0645931 0.997912 0
0.529871 -0.84602 -0.0590502 163.099 0.848078 0.528594 0.0367672 129.977 0.000107807 -0.0695611 0.997578 0
0.542431 -0.838967 -0.0436218 164.173 0.840062 0.541179 0.037699 131.57 -0.008021 -0.0570942 0.998337 0
0.543048 -0.838481 -0.0452613 165.267 0.839588 0.541298 0.0457031 133.236 -0.0138213 -0.0628198 0.997929 0
0.54093 -0.839296 -0.0545526 166.274 0.841067 0.539703 0.0364276 134.842 -0.00113133 -0.0655872 0.997846 0
0.532166 -0.84457 -0.0591608 167.363 0.846631 0.531187 0.0325145 136.53 0.00396466 -0.0673904 0.997719 0
0.523593 -0.851069 -0.0391412 168.444 0.851458 0.521136 0.0586205 138.346 -0.0294923 -0.0640204 0.997513 0
0.514907 -0.856015 -0.0459242 169.476 0.857127 0.513204 0.044214 140.095 -0.0142794 -0.062129 0.997966 0
0.511105 -0.859031 -0.0289431 170.638 0.85934 0.510023 0.0375533 141.899 -0.0174978 -0.0440656 0.998875 0
0.506962 -0.861714 -0.0209404 171.693 0.86186 0.506362 0.0281986 143.712 -0.0136957 -0.0323433 0.999383 0
0.505653 -0.862666 -0.0111037 172.78 0.86249 0.505158 0.0304436 145.429 -0.0206536 -0.0249707 0.999475 0
0.503975 -0.863652 -0.0106921 173.866 0.863576 0.503629 0.0243721 147.243 -0.0156641 -0.0215164 0.999646 0
0.50512 -0.862628 -0.0269532 174.792 0.863048 0.50482 0.0174889 148.962 -0.00147992 -0.0320959 0.999484 0
0.505251 -0.862855 -0.0142132 175.869 0.862757 0.504688 0.0306806 150.715 -0.0192997 -0.0277639 0.999428 0
0.497255 -0.867604 -0.00113448 176.771 0.867202 0.496984 0.0311085 152.244 -0.026426 -0.0164527 0.999515 0
0.470246 -0.882527 0.00372215 177.486 0.882315 0.470219 0.0203517 153.66 -0.0197111 -0.00628619 0.999786 0
0.413431 -0.910507 0.00723171 178.12 0.91029 0.413491 0.019928 155.057 -0.0211348 -0.0016559 0.999775 0
0.291792 -0.956468 0.00518163 178.709 0.956251 0.291836 0.020387 156.948 -0.0210117 -0.000993829 0.999779 0
0.0493172 -0.997689 -0.0467414 178.769 0.99856 0.0482638 0.0234046 159.059 -0.0210946 -0.0478284 0.998633 0
-0.181307 -0.980499 -0.0758195 178.445 0.982273 -0.184289 0.0343258 160.713 -0.0476292 -0.0682519 0.996531 0
-0.39689 -0.912545 -0.0986916 177.761 0.91376 -0.402982 0.0514493 162.303 -0.0867209 -0.0697608 0.993787 0
-0.600918 -0.795818 -0.0746369 176.803 0.795279 -0.604641 0.0440448 163.647 -0.0801802 -0.0328898 0.996238 0
-0.717666 -0.692123 -0.0769435 175.795 0.691537 -0.721322 0.0383543 164.58 -0.0820469 -0.0256837 0.996297 0
-0.796053 -0.60074 -0.0735561 174.658 0.599845 -0.799298 0.0361839 165.472 -0.0805303 -0.0153179 0.996634 0
-0.841719 -0.535356 -0.0700262 173.376 0.53473 -0.844526 0.0289799 166.301 -0.0746535 -0.0130522 0.997124 0
-0.863971 -0.498216 -0.0730385 172.033 0.49829 -0.866813 0.0185151 167.061 -0.0725352 -0.0203978 0.997157 0
-0.870281 -0.487641 -0.0694093 170.482 0.487785 -0.872817 0.0160062 167.945 -0.0683869 -0.0199269 0.99746 0
-0.869641 -0.488702 -0.0699594 168.786 0.488794 -0.872234 0.0169723 168.914 -0.0693154 -0.0194359 0.997405 0
-0.868621 -0.491253 -0.0645535 166.879 0.491374 -0.870818 0.0150918 169.972 -0.0636282 -0.0186108 0.9978 0
-0.868235 -0.49215 -0.0629001 165.563 0.492164 -0.870349 0.0163468 170.711 -0.0627902 -0.0167643 0.997886 0
-0.865927 -0.496241 -0.0625762 164.125 0.496191 -0.868038 0.0174294 171.507 -0.0629678 -0.0159572 0.997888 0
-0.863936 -0.500071 -0.0595208 162.658 0.499703 -0.865918 0.0219909 172.343 -0.0625371 -0.0107441 0.997985 0
-0.863312 -0.500463 -0.0650255 161.196 0.500081 -0.865668 0.0232094 173.208 -0.0679059 -0.012481 0.997614 0
-0.86236 -0.501691 -0.0681237 159.646 0.501086 -0.864978 0.0269332 174.097 -0.0724377 -0.0109098 0.997313 0
-0.864533 -0.498939 -0.0603527 158.122 0.498225 -0.866614 0.0274224 174.988 -0.0659845 -0.00636167 0.9978 0
-0.86568 -0.497288 -0.0574753 156.612 0.496132 -0.867585 0.0338951 175.875 -0.0667204 0.000826967 0.997771 0
-0.86793 -0.492404 -0.0650889 155.081 0.490752 -0.870361 0.0404147 176.716 -0.0765512 0.00313456 0.997061 0
-0.870525 -0.487867 -0.0645923 153.46 0.486092 -0.872904 0.0418849 177.588 -0.0768171 0.00506411 0.997032 0
-0.874139 -0.481853 -0.0608182 151.94 0.480309 -0.876239 0.0388312 178.41 -0.0720022 0.0047323 0.997393 0
-0.875244 -0.479741 -0.061615 150.422 0.478547 -0.87741 0.0338324 179.228 -0.0702925 0.00012593 0.997526 0
-0.876607 -0.477477 -0.0598072 148.869 0.476715 -0.878633 0.0273413 180.058 -0.0656034 -0.00454338 0.997835 0
-0.875427 -0.479331 -0.0622052 147.4 0.478925 -0.877573 0.0222567 180.846 -0.065258 -0.0103075 0.997815 0
-0.873374 -0.482929 -0.0632203 145.898 0.48249 -0.875598 0.0230538 181.644 -0.066489 -0.0103686 0.997733 0
-0.870911 -0.487521 -0.0619442 144.396 0.486661 -0.873099 0.0292982 182.468 -0.0683669 -0.00462969 0.997649 0
-0.869607 -0.490459 -0.0568671 142.958 0.489173 -0.871459 0.035624 183.295 -0.0670294 0.00316098 0.997746 0
-0.868729 -0.491839 -0.0583471 141.463 0.490827 -0.870685 0.031557 184.099 -0.066323 -0.00122386 0.997797 0
-0.868624 -0.490888 -0.0672356 140.025 0.490004 -0.871197 0.0302006 184.896 -0.0734006 -0.00671278 0.99728 0
-0.870196 -0.488233 -0.0662335 138.632 0.48679 -0.872713 0.037518 185.655 -0.0761204 0.00040622 0.997099 0
-0.874146 -0.482133 -0.058455 137.134 0.480747 -0.876088 0.0367564 186.448 -0.0689333 0.00402834 0.997613 0
-0.879291 -0.472585 -0.0592578 135.728 0.4716 -0.881284 0.0305058 187.166 -0.0666395 -0.00112251 0.997777 0
-0.882769 -0.465063 -0.0665962 134.31 0.464744 -0.885193 0.0211474 187.913 -0.0687853 -0.0122819 0.997556 0
-0.886783 -0.456893 -0.0697495 132.902 0.456544 -0.889434 0.0217966 188.619 -0.0719962 -0.0125149 0.997326 0
-0.889101 -0.452253 -0.0704693 131.53 0.451973 -0.891789 0.0207879 189.284 -0.0722452 -0.0133677 0.997297 0
-0.889809 -0.450313 -0.0738756 130.127 0.45072 -0.892585 0.0120182 189.947 -0.0713521 -0.0226033 0.997195 0
-0.889989 -0.449234 -0.0781579 128.831 0.450217 -0.892902 0.00555226 190.582 -0.0722816 -0.0302466 0.996925 0
-0.889461 -0.449732 -0.0812385 127.554 0.451088 -0.892477 0.00184336 191.202 -0.0733326 -0.0350062 0.996693 0
-0.885913 -0.456002 -0.0849697 125.784 0.457697 -0.889108 -0.000530767 192.106 -0.0753052 -0.0393606 0.996383 0
-0.882124 -0.463642 -0.0830291 124.113 0.46552 -0.88503 -0.00372719 192.971 -0.0717551 -0.0419395 0.99654 0
-0.877112 -0.472818 -0.0843659 122.589 0.47484 -0.880061 -0.00449164 193.779 -0.0721234 -0.0439999 0.996425 0
-0.87084 -0.484537 -0.0828301 121.149 0.486316 -0.873781 -0.00149923 194.58 -0.071649 -0.0415872 0.996563 0
-0.86428 -0.496263 -0.0821221 119.876 0.497561 -0.867413 0.00526954 195.272 -0.0738489 -0.0363064 0.996608 0
-0.852847 -0.514884 -0.0868718 118.495 0.516523 -0.856263 0.00415696 196.142 -0.0765255 -0.0413261 0.996211 0
-0.840745 -0.535278 -0.0813899 117.306 0.536658 -0.84378 0.00570449 196.884 -0.0717287 -0.0388825 0.996666 0
-0.828803 -0.555318 -0.0686182 116.12 0.556033 -0.831101 0.00996037 197.682 -0.0625598 -0.0298988 0.997593 0
-0.812995 -0.580058 -0.0507085 114.959 0.58068 -0.814126 0.00295458 198.488 -0.0429969 -0.0270433 0.998709 0
-0.735027 -0.675267 -0.0612251 113.804 0.676328 -0.736587 0.00445973 199.505 -0.0481091 -0.0381303 0.998114 0
-0.603521 -0.7954 -0.0556976 112.868 0.795718 -0.60528 0.0216763 200.678 -0.050954 -0.0312375 0.998212 0
-0.383952 -0.921145 -0.0638133 112.1 0.921873 -0.386331 0.0299724 202.181 -0.052262 -0.0473198 0.997512 0
-0.0879918 -0.994329 -0.0597266 111.818 0.99571 -0.0895207 0.0234202 203.986 -0.0286342 -0.0574096 0.99794 0
0.156908 -0.986498 -0.0469135 112.033 0.987459 0.155868 0.0250834 205.78 -0.0174325 -0.050261 0.998584 0
0.347807 -0.936437 -0.0459893 112.718 0.937561 0.347219 0.0204652 207.754 -0.00319598 -0.0502357 0.998732 0
0.440692 -0.89679 -0.0394667 113.559 0.897656 0.440173 0.0214644 209.42 -0.0018769 -0.0448868 0.99899 0
0.489676 -0.870986 -0.0400141 114.455 0.871905 0.489168 0.0222878 211.122 0.000161259 -0.0458022 0.998951 0
0.515477 -0.856068 -0.0378168 115.474 0.856891 0.5152 0.0174834 212.855 0.00451627 -0.0414172 0.999132 0
0.520825 -0.852923 -0.035556 116.541 0.853655 0.520554 0.017233 214.749 0.00381045 -0.0393279 0.999219 0
0.522121 -0.852231 -0.0330608 117.327 0.852871 0.521698 0.021028 216.047 -0.00067299 -0.0391758 0.999232 0
0.52042 -0.853495 -0.0266207 118.159 0.85391 0.520124 0.0175846 217.443 -0.00116235 -0.0318831 0.999491 0
0.517201 -0.855366 -0.0291915 118.974 0.855845 0.517117 0.0109515 218.807 0.00572785 -0.0306475 0.999514 0
0.516075 -0.855448 -0.0433136 119.835 0.856487 0.515963 0.0145849 220.239 0.0098716 -0.0446244 0.998955 0
0.516386 -0.855266 -0.0432 120.739 0.856354 0.515628 0.0280147 221.761 -0.00168483 -0.0514609 0.998674 0
0.516601 -0.855826 -0.0261918 121.664 0.856182 0.516021 0.0259853 223.258 -0.00872337 -0.035849 0.999319 0
0.513859 -0.857551 -0.0235532 122.616 0.857855 0.513838 0.00738764 224.866 0.00576726 -0.0240015 0.999695 0
0.511913 -0.85829 -0.035819 123.587 0.858947 0.512018 0.00684908 226.492 0.0124615 -0.0342728 0.999335 0
0.511127 -0.858778 -0.0353537 124.56 0.859489 0.510938 0.0148859 228.197 0.00527985 -0.0379947 0.999264 0
0.511749 -0.858678 -0.0280331 125.576 0.859114 0.511237 0.0236372 229.913 -0.00596514 -0.0361799 0.999327 0
0.512186 -0.858582 -0.0224253 126.618 0.858873 0.511961 0.0152732 231.663 -0.00163243 -0.0270833 0.999632 0
0.511368 -0.859042 -0.023439 127.67 0.859352 0.511301 0.00922011 233.398 0.0040639 -0.0248572 0.999683 0
0.509864 -0.859954 -0.0227594 128.713 0.860254 0.509718 0.0122506 235.201 0.0010659 -0.025825 0.999666 0
0.507095 -0.861744 -0.0158608 129.811 0.861889 0.506972 0.0112763 236.999 -0.00167627 -0.0193884 0.999811 0
0.503222 -0.864025 -0.0151386 130.851 0.864131 0.503265 0.00105204 238.809 0.00670974 -0.0136111 0.999885 0
0.500145 -0.865506 -0.0274707 131.897 0.865873 0.500253 0.00328805 240.685 0.0108965 -0.0254306 0.999617 0
0.497942 -0.866766 -0.0277723 132.929 0.86721 0.49773 0.0145624 242.559 0.00120091 -0.0313357 0.999508 0
0.496161 -0.867753 -0.0287835 133.954 0.868226 0.495778 0.0196893 244.391 -0.00281522 -0.0347597 0.999392 0
0.495494 -0.867989 -0.0328746 134.965 0.868611 0.495104 0.0196662 246.164 -0.000793647 -0.0382997 0.999266 0
0.495254 -0.868261 -0.0290731 136 0.868732 0.49517 0.0105248 248.003 0.00525787 -0.0304692 0.999522 0
0.494891 -0.868489 -0.0284424 136.978 0.868924 0.494886 0.00773137 249.769 0.00736113 -0.0285405 0.999566 0
0.496076 -0.867523 -0.0362233 138.015 0.868271 0.495825 0.0162273 251.615 0.00388287 -0.0395016 0.999212 0
0.49672 -0.867038 -0.0389145 139.035 0.86791 0.496292 0.020658 253.461 0.00140173 -0.0440355 0.999029 0
0.497058 -0.86713 -0.0319062 139.985 0.867696 0.496451 0.0253144 255.126 -0.00611108 -0.0402676 0.99917 0
0.497306 -0.866714 -0.0386406 141.019 0.867567 0.496999 0.0178733 256.97 0.00371323 -0.0424118 0.999093 0
0.497174 -0.866617 -0.0423423 141.989 0.867623 0.496955 0.016297 258.725 0.00691903 -0.0448396 0.99897 0
0.497105 -0.866411 -0.0470973 143.004 0.86766 0.496809 0.0186405 260.53 0.00724801 -0.0501308 0.998716 0
0.497623 -0.866291 -0.0437075 143.989 0.867384 0.497224 0.0203568 262.3 0.00409748 -0.0480412 0.998837 0
0.496747 -0.866642 -0.0466323 144.989 0.867882 0.496318 0.0211986 264.075 0.00477284 -0.0510017 0.998687 0
0.498276 -0.865674 -0.0482617 146.086 0.867004 0.497815 0.0220011 266.027 0.00497958 -0.0528057 0.998592 0
0.499741 -0.864938 -0.0462718 147.084 0.866157 0.499366 0.0201681 267.762 0.00566239 -0.0501574 0.998725 0
0.500827 -0.864401 -0.0445306 148.141 0.865525 0.500523 0.0185419 269.66 0.0062609 -0.0478286 0.998836 0
0.500244 -0.86486 -0.042096 149.218 0.865808 0.500252 0.0110996 271.55 0.011459 -0.0419996 0.999052 0
0.499977 -0.865185 -0.0384536 150.239 0.866006 0.499852 0.0134782 273.336 0.00755995 -0.0400398 0.999169 0
0.501567 -0.864476 -0.0333387 151.371 0.865117 0.501261 0.0176013 275.348 0.00149542 -0.0376701 0.999289 0
0.502068 -0.864515 -0.0232639 152.446 0.864828 0.501903 0.0128783 277.174 0.000542703 -0.0265851 0.999646 0
0.501065 -0.865342 -0.0107983 153.489 0.865387 0.501103 -0.000988971 279.023 0.00626685 -0.00884916 0.999941 0
0.500274 -0.865718 -0.0160868 154.579 0.865841 0.500317 0.00149559 280.883 0.00675373 -0.0146768 0.999869 0
0.499738 -0.866058 -0.0142942 155.63 0.866176 0.499687 0.0072431 282.742 0.000869682 -0.016001 0.999872 0
0.499185 -0.866448 -0.0090537 156.632 0.866495 0.499152 0.0057574 284.477 -0.000469319 -0.010719 0.999942 0
0.498515 -0.866794 -0.0122501 157.703 0.866855 0.498559 -0.000631449 286.307 0.00665473 -0.0103043 0.999925 0
0.496876 -0.867711 -0.0138199 158.697 0.867805 0.496903 0.00165885 288.078 0.00542775 -0.0128172 0.999903 0
0.495772 -0.86841 -0.00860197 159.683 0.868452 0.495731 0.00646101 289.788 -0.00134654 -0.0106736 0.999942 0
0.493044 -0.870004 0.001159 160.646 0.870004 0.493044 0.000143208 291.537 -0.000696029 0.000937724 0.999999 0
0.491405 -0.870929 -0.00193386 161.63 0.870929 0.491407 -0.000815442 293.244 0.0016605 -0.00128355 0.999998 0
0.49 -0.871705 -0.00551728 162.524 0.871717 0.490009 -0.000202155 294.869 0.00287973 -0.00471045 0.999985 0
0.488981 -0.872265 -0.0072408 163.472 0.872291 0.488985 0.00133921 296.535 0.0023725 -0.00697094 0.999973 0
0.488696 -0.87245 -0.00259375 164.324 0.872447 0.488702 -0.0026688 298.122 0.00359597 -0.000958683 0.999993 0
0.490815 -0.871263 -0.00123034 165.176 0.871249 0.490815 -0.00511314 299.658 0.00505876 0.00143768 0.999986 0
0.492917 -0.870075 0.00166904 166.012 0.870071 0.492906 -0.00443711 301.167 0.00303793 0.00363931 0.999989 0
0.496207 -0.868204 -2.38232e-05 166.808 0.868203 0.496206 -0.00201975 302.545 0.00176538 0.000981532 0.999998 0
0.499501 -0.866313 -0.000330327 167.58 0.866312 0.499499 0.00174868 303.89 -0.00134991 -0.00115963 0.999998 0
0.503294 -0.864074 0.00845786 168.602 0.864112 0.503294 -0.002388 305.671 -0.00219338 0.00851041 0.999961 0
0.506824 -0.862042 -0.00361283 169.568 0.862033 0.506836 -0.00413406 307.302 0.00539484 -0.00101914 0.999985 0
0.505499 -0.862824 -0.00229067 170.446 0.862824 0.505488 0.00406414 308.78 -0.00234873 -0.00403086 0.999989 0
0.49002 -0.871693 -0.00562496 171.171 0.87169 0.490043 -0.00373926 310.07 0.00601596 -0.00307091 0.999977 0
0.432926 -0.901362 -0.0110306 171.9 0.901394 0.432985 -0.0035321 311.72 0.00795978 -0.00841377 0.999933 0
0.321166 -0.946995 -0.00728796 172.481 0.94702 0.321175 -1.64281e-05 313.475 0.00235627 -0.00689657 0.999973 0
0.0920932 -0.995685 -0.0114263 172.717 0.995595 0.0918702 0.0187107 315.499 -0.0175803 -0.0130991 0.99976 0
-0.197675 -0.980086 -0.018851 172.394 0.979667 -0.198191 0.0311839 317.667 -0.034299 -0.0123035 0.999336 0
-0.447348 -0.894355 -0.00312719 171.563 0.893519 -0.447076 0.0418035 319.491 -0.0387853 0.0159065 0.999121 0
-0.623512 -0.781811 0.00207069 170.645 0.78144 -0.62313 0.032571 320.712 -0.0241741 0.0219266 0.999467 0
-0.765633 -0.643255 -0.00541838 169.437 0.642492 -0.765087 0.0429745 321.762 -0.031789 0.0294214 0.999062 0
-0.85019 -0.525573 -0.0308382 167.947 0.525065 -0.850741 0.0233914 322.554 -0.0385292 0.00369507 0.999251 0
-0.883625 -0.466042 -0.0448539 166.346 0.4655 -0.884762 0.0224951 323.341 -0.0501687 -0.00100225 0.99874 0
-0.892678 -0.449976 -0.0254444 164.654 0.450095 -0.89298 0.00117742 324.138 -0.0232511 -0.0104013 0.999676 0
-0.889858 -0.455489 -0.0261265 162.894 0.455412 -0.890233 0.00917083 325.05 -0.0274359 -0.00373758 0.999617 0
-0.887867 -0.459094 -0.0304205 161.014 0.459126 -0.888349 0.00634108 326.019 -0.0299352 -0.00833683 0.999517 0
-0.881465 -0.470977 -0.034646 159.037 0.471406 -0.881902 -0.00497725 327.039 -0.0282103 -0.0207196 0.999387 0
-0.876456 -0.479957 -0.0382787 157.649 0.480389 -0.877052 -0.00242194 327.776 -0.03241 -0.0205114 0.999264 0
-0.873605 -0.485201 -0.0373539 156.249 0.48545 -0.87426 0.00268018 328.573 -0.0339575 -0.0157921 0.999298 0
-0.870503 -0.49068 -0.0381932 154.746 0.491022 -0.871147 0.000472359 329.408 -0.0335037 -0.0183425 0.99927 0
-0.866971 -0.495745 -0.0509663 153.268 0.496678 -0.867908 -0.00675491 330.261 -0.0408854 -0.0311702 0.998677 0
-0.863067 -0.502799 -0.0480474 151.701 0.502798 -0.864306 0.0129748 331.224 -0.0480514 -0.0129601 0.998761 0
-0.860614 -0.507593 -0.0411413 150.125 0.507444 -0.861558 0.0147713 332.16 -0.0429435 -0.00816456 0.999044 0
-0.86037 -0.508157 -0.0392384 148.566 0.508199 -0.861186 0.00965327 333.039 -0.038697 -0.0116355 0.999183 0
-0.86081 -0.507095 -0.0431464 146.985 0.507304 -0.861741 0.00677099 334.022 -0.0406146 -0.0160598 0.999046 0
-0.861838 -0.505114 -0.0457679 145.352 0.50534 -0.862889 0.00733612 334.927 -0.0431982 -0.0168058 0.998925 0
-0.86269 -0.503482 -0.047665 143.77 0.50382 -0.863791 0.00552747 335.844 -0.0439556 -0.0192461 0.998848 0
-0.863992 -0.500958 -0.050588 142.211 0.501585 -0.865108 0.000351492 336.772 -0.0439402 -0.0250705 0.99872 0
-0.865842 -0.497701 -0.0511006 140.591 0.498619 -0.866799 -0.00623118 337.726 -0.0411927 -0.030875 0.998674 0
-0.86947 -0.49086 -0.0554876 138.963 0.491503 -0.870873 0.00231844 338.604 -0.0494607 -0.0252566 0.998457 0
-0.872905 -0.484899 -0.0539403 137.34 0.485372 -0.874295 0.00483253 339.483 -0.049503 -0.0219628 0.998532 0
-0.876143 -0.47948 -0.0497191 135.729 0.480064 -0.877233 0.000234676 340.317 -0.0437278 -0.0236627 0.998763 0
-0.877361 -0.476954 -0.0524667 134.183 0.477903 -0.878389 -0.00650969 341.132 -0.0429813 -0.0307853 0.998601 0
-0.876975 -0.477385 -0.054939 132.578 0.478416 -0.878108 -0.00661468 342.005 -0.0450846 -0.0320846 0.998468 0
-0.875062 -0.481129 -0.0527365 130.992 0.48224 -0.875982 -0.0100452 342.803 -0.0413632 -0.0342218 0.998558 0
-0.871635 -0.486816 -0.0571236 129.387 0.488318 -0.872532 -0.0152822 343.707 -0.0424025 -0.041215 0.99825 0
-0.866588 -0.495681 -0.0576708 127.807 0.496882 -0.867783 -0.00776491 344.529 -0.0461969 -0.0353846 0.998305 0
-0.861672 -0.504152 -0.0579011 126.301 0.505327 -0.862901 -0.00677351 345.429 -0.0465481 -0.0350955 0.998299 0
-0.856198 -0.513636 -0.0557061 124.761 0.514822 -0.857255 -0.00849682 346.345 -0.0433901 -0.0359537 0.998411 0
-0.851336 -0.521748 -0.0548178 123.24 0.52305 -0.85222 -0.0118148 347.251 -0.0405525 -0.0387308 0.998426 0
-0.847042 -0.528544 -0.0562218 121.753 0.529942 -0.84794 -0.0126308 348.138 -0.0409968 -0.0404931 0.998338 0
-0.842548 -0.535568 -0.0572664 120.3 0.537003 -0.843491 -0.0122851 349.039 -0.0417241 -0.041103 0.998283 0
-0.838771 -0.541706 -0.0549366 118.807 0.542791 -0.839846 -0.0059658 350.029 -0.0429066 -0.034823 0.998472 0
-0.836312 -0.545902 -0.0507252 117.412 0.5468 -0.83725 -0.00470448 350.935 -0.0399015 -0.031671 0.998702 0
-0.8357 -0.547051 -0.04839 116.074 0.547896 -0.83653 -0.00522354 351.79 -0.0376222 -0.030878 0.998815 0
-0.836598 -0.546173 -0.0424101 114.879 0.546753 -0.83729 -0.00252266 352.598 -0.0341317 -0.0252983 0.999097 0
-0.842057 -0.537475 -0.0453886 113.194 0.538077 -0.842895 -0.00122746 353.743 -0.0375981 -0.0254561 0.998969 0
-0.851782 -0.522234 -0.0417088 111.623 0.522451 -0.852646 0.00638722 354.68 -0.0388985 -0.0163503 0.999109 0
-0.862942 -0.503351 -0.0443602 110.093 0.503845 -0.863794 6.88862e-05 355.605 -0.0383527 -0.0222912 0.999016 0
-0.873212 -0.485714 -0.0397843 108.55 0.486225 -0.873826 -0.0037248 356.457 -0.0329554 -0.0225966 0.999201 0
-0.882568 -0.469084 -0.0321679 107.012 0.469443 -0.882953 -0.00423185 357.232 -0.0264176 -0.0188359 0.999474 0
-0.889348 -0.456091 -0.0322663 105.388 0.456571 -0.88964 -0.00911704 358.044 -0.0245472 -0.0228401 0.999438 0
-0.894705 -0.445489 -0.032287 103.73 0.446066 -0.894901 -0.0133132 358.845 -0.0229628 -0.0263135 0.99939 0
-0.896897 -0.441193 -0.0303983 101.997 0.441761 -0.897004 -0.0152037 359.673 -0.0205596 -0.0270649 0.999422 0
-0.896832 -0.440416 -0.0415482 100.214 0.441346 -0.897189 -0.0162874 360.516 -0.0301034 -0.0329442 0.999004 0
-0.89281 -0.445569 -0.0660226 98.2475 0.447049 -0.894466 -0.00884523 361.465 -0.0551138 -0.0374125 0.997779 0
-0.889056 -0.455408 -0.0467181 96.2806 0.456774 -0.889259 -0.0240096 362.438 -0.0306103 -0.0426855 0.998619 0
-0.884197 -0.462556 -0.0650962 94.796 0.464271 -0.885592 -0.0133852 363.187 -0.0514573 -0.0420575 0.997789 0
-0.880746 -0.469391 -0.0629209 93.3802 0.470904 -0.882116 -0.0109603 363.956 -0.0503589 -0.039283 0.997958 0
-0.878329 -0.476036 -0.0439167 91.8775 0.477337 -0.878338 -0.0259197 364.733 -0.026235 -0.0437291 0.998699 0
-0.873238 -0.483751 -0.0586601 90.336 0.48597 -0.873401 -0.0316906 365.52 -0.0359034 -0.0561804 0.997775 0
-0.86655 -0.495998 -0.0554645 88.7594 0.498104 -0.866463 -0.0336774 366.405 -0.0313541 -0.0568102 0.997893 0
-0.859883 -0.509369 -0.0338237 87.0845 0.510354 -0.859296 -0.0338828 367.34 -0.0118057 -0.0463974 0.998853 0
-0.852564 -0.520407 -0.0480758 85.4407 0.522047 -0.852331 -0.0316072 368.345 -0.0245279 -0.0520449 0.998343 0
-0.845614 -0.531258 -0.0519695 83.7626 0.532641 -0.846175 -0.016759 369.402 -0.0350719 -0.0418527 0.998508 0
-0.84246 -0.536912 -0.0445695 82.1165 0.538004 -0.842773 -0.0168928 370.461 -0.028492 -0.0382101 0.998863 0
-0.842379 -0.536973 -0.0453474 80.404 0.538101 -0.842708 -0.0170623 371.555 -0.0290526 -0.0387744 0.998826 0
-0.843014 -0.535525 -0.050401 78.7386 0.536763 -0.843611 -0.0143533 372.624 -0.0348323 -0.0391534 0.998626 0
-0.846311 -0.530315 -0.0502254 77.031 0.531326 -0.847126 -0.00842414 373.688 -0.0380798 -0.0338155 0.998702 0
-0.850978 -0.523961 -0.0360639 75.3061 0.524604 -0.851278 -0.0107948 374.713 -0.0250443 -0.0281054 0.999291 0
-0.854325 -0.51821 -0.0398334 73.6126 0.518849 -0.854836 -0.00706262 375.737 -0.0303912 -0.0267013 0.999181 0
-0.857011 -0.513462 -0.0434512 71.8696 0.514021 -0.857775 -0.00200824 376.739 -0.0362402 -0.0240559 0.999054 0
-0.859454 -0.509421 -0.0427767 70.2204 0.510234 -0.859976 -0.0101206 377.677 -0.0316313 -0.0305243 0.999033 0
-0.861965 -0.505447 -0.0392278 68.5499 0.50619 -0.862346 -0.0114145 378.697 -0.0280586 -0.0296956 0.999165 0
-0.864212 -0.501287 -0.0429957 66.8224 0.501992 -0.864846 -0.00679227 379.659 -0.0337797 -0.0274535 0.999052 0
-0.866775 -0.496151 -0.050349 65.1239 0.496674 -0.867934 0.00242186 380.657 -0.0449012 -0.0229078 0.998729 0
-0.870519 -0.490447 -0.0407145 63.5027 0.490642 -0.871342 0.00573134 381.529 -0.0382872 -0.014987 0.999154 0
-0.873829 -0.484848 -0.0366895 61.7787 0.485207 -0.874398 -0.00104051 382.415 -0.0315767 -0.0187112 0.999326 0
-0.875362 -0.481677 -0.0415654 60.0808 0.481812 -0.876243 0.00737225 383.324 -0.0399725 -0.0135733 0.999109 0
-0.876196 -0.480051 -0.0427859 58.3668 0.47983 -0.877216 0.0159729 384.27 -0.0452003 -0.00653462 0.998957 0
-0.875473 -0.481356 -0.0429417 56.7466 0.481132 -0.8765 0.0160838 385.168 -0.0453804 -0.00657973 0.998948 0
-0.875099 -0.482206 -0.0409843 55.06 0.48221 -0.875993 0.0104333 386.048 -0.040933 -0.0106329 0.999105 0
-0.874283 -0.484167 -0.0347873 53.4326 0.484111 -0.874943 0.0105875 386.897 -0.035563 -0.00758438 0.999339 0
-0.872512 -0.487191 -0.0369792 51.8364 0.487025 -0.873276 0.0139751 387.752 -0.0391016 -0.00581638 0.999218 0
-0.871171 -0.488848 -0.0457134 50.2323 0.48871 -0.872319 0.0149094 388.653 -0.047165 -0.00935196 0.998843 0
-0.870096 -0.491184 -0.0408794 48.7275 0.490668 -0.871056 0.0225139 389.493 -0.0466667 -0.000468981 0.99891 0
-0.869516 -0.492103 -0.0421539 47.1951 0.49187 -0.870513 0.0164487 390.327 -0.04479 -0.00643182 0.998976 0
-0.868648 -0.493164 -0.0473239 45.7196 0.492948 -0.869894 0.0169495 391.172 -0.0495257 -0.00860508 0.998736 0
-0.868869 -0.493808 -0.0349349 44.3778 0.493446 -0.86957 0.01893 391.94 -0.0397261 -0.000790743 0.99921 0
-0.869315 -0.493211 -0.0321627 43.0388 0.492664 -0.869896 0.0237024 392.68 -0.0396685 0.00475945 0.999202 0
-0.871482 -0.489176 -0.0350265 41.1962 0.488324 -0.872135 0.0303239 393.781 -0.0453816 0.00932244 0.998926 0
-0.875746 -0.481898 -0.0290198 39.514 0.481704 -0.876225 0.013804 394.642 -0.0320801 -0.00189015 0.999484 0
-0.882389 -0.469264 -0.034374 37.9088 0.468967 -0.883057 0.0167284 395.46 -0.0382043 -0.00135935 0.999269 0
-0.898104 -0.438583 -0.0324618 36.4081 0.438109 -0.898679 0.0208906 396.169 -0.038335 0.00454011 0.999255 0
-0.927429 -0.373008 -0.0271939 34.8761 0.372499 -0.92777 0.0220589 396.75 -0.0334579 0.0103284 0.999387 0
-0.976415 -0.214442 -0.0250827 32.8734 0.213867 -0.976574 0.0237491 397.265 -0.0295879 0.0178246 0.999403 0
-0.999395 0.013077 -0.0322244 30.8786 -0.0138236 -0.999638 0.0230575 397.214 -0.0319113 0.0234891 0.999215 0
-0.960557 0.275969 -0.0342274 28.9671 -0.276656 -0.960815 0.0171962 396.677 -0.0281406 0.0259871 0.999266 0
-0.880955 0.471957 -0.0342688 27.5121 -0.472412 -0.881356 0.00616739 395.91 -0.0272922 0.0216222 0.999394 0
