0.506245 -0.861507 0.0390188 0.941118 0.862369 0.506028 -0.0159862 0.836599 -0.00597233 0.0417415 0.999111 0
0.504032 -0.863026 0.0337437 1.7033 0.863684 0.503705 -0.0181996 2.39303 -0.00129016 0.0383171 0.999265 0
0.502078 -0.86427 0.0309141 2.47916 0.864822 0.501804 -0.0166158 3.98048 -0.00115231 0.0350776 0.999384 0
0.500227 -0.865273 0.0327972 3.27074 0.865886 0.500027 -0.0146184 5.59108 -0.00375061 0.0357111 0.999355 0
0.498365 -0.866341 0.0329342 4.07195 0.866963 0.498117 -0.0159571 7.2196 -0.0025808 0.0365052 0.99933 0
0.49755 -0.866747 0.0345378 4.88333 0.867419 0.497387 -0.013784 8.86789 -0.00523139 0.036817 0.999308 0
0.498904 -0.865858 0.0372063 5.70563 0.866571 0.498999 -0.00734291 10.5358 -0.012208 0.0359053 0.999281 0
0.501751 -0.864149 0.0386352 6.54631 0.864899 0.501907 -0.00625188 12.2182 -0.0139888 0.0365525 0.999234 0
0.504374 -0.862822 0.0338468 7.40418 0.863461 0.504267 -0.0122699 13.9165 -0.00648111 0.035414 0.999352 0
0.506024 -0.861702 0.0375412 8.28272 0.862484 0.505915 -0.0130593 15.6294 -0.00773941 0.038987 0.99921 0
0.505126 -0.861724 0.0477374 9.17945 0.862928 0.505196 -0.0114781 17.3551 -0.0142258 0.0469918 0.998794 0
0.503389 -0.862582 0.0505153 10.0841 0.864019 0.503074 -0.0197012 19.0905 -0.00841905 0.0535635 0.998529 0
0.501184 -0.863971 0.0486644 10.9911 0.865323 0.500737 -0.0218598 20.8477 -0.00548186 0.0530662 0.998576 0
0.499505 -0.864997 0.0476981 11.9015 0.866258 0.499327 -0.0164413 22.6241 -0.00959533 0.0495314 0.998726 0
0.498282 -0.865562 0.0501693 12.8155 0.866903 0.498314 -0.0127668 24.4025 -0.0139495 0.0498534 0.998659 0
0.498173 -0.865809 0.0468842 13.724 0.866886 0.498471 -0.00594059 26.18 -0.018227 0.0436027 0.998883 0
0.498432 -0.865788 0.0444586 14.6317 0.866789 0.498616 -0.00765152 27.9476 -0.0155432 0.04235 0.998982 0
0.49767 -0.866241 0.0441705 15.5399 0.867239 0.497825 -0.00820246 29.7057 -0.0148838 0.0423885 0.99899 0
0.496638 -0.866796 0.0448927 16.4433 0.867812 0.496838 -0.00738391 31.4544 -0.015904 0.0426255 0.998965 0
0.496388 -0.86724 0.0386428 17.3344 0.868059 0.496307 -0.0123383 33.1916 -0.00847838 0.0396688 0.999177 0
0.496019 -0.867274 0.0424389 18.2262 0.868216 0.496096 -0.00945957 34.9164 -0.0128497 0.0415383 0.999054 0
0.496003 -0.867053 0.0469023 19.1139 0.868193 0.496134 -0.00961872 36.6263 -0.0149299 0.0454911 0.998853 0
0.495511 -0.867126 0.0506085 19.9983 0.868497 0.495513 -0.0133931 38.3212 -0.0134637 0.0505897 0.998629 0
0.49404 -0.867438 0.0589611 20.8803 0.869201 0.494355 -0.0101343 40.007 -0.0203569 0.0562558 0.998209 0
0.493002 -0.867993 0.0594834 21.7494 0.869694 0.493555 -0.00602956 41.6825 -0.0241247 0.0547049 0.998211 0
0.491751 -0.869224 0.0512839 22.601 0.870648 0.491686 -0.0147466 43.3312 -0.0123975 0.0519018 0.998575 0
0.490642 -0.870255 0.0438988 23.4284 0.871291 0.490618 -0.0120513 44.9486 -0.0110498 0.0441615 0.998963 0
0.488956 -0.871315 0.0416274 24.2309 0.872197 0.489099 -0.00735415 46.5186 -0.0139521 0.0399031 0.999106 0
0.486967 -0.872499 0.0401141 25.0074 0.873291 0.487171 -0.00517869 48.0404 -0.015024 0.0375531 0.999182 0
0.484831 -0.873669 0.0405242 25.7584 0.874457 0.485086 -0.00393218 49.5161 -0.0162223 0.0373431 0.999171 0
0.482895 -0.874746 0.040394 26.481 0.875427 0.483348 0.00167176 50.9483 -0.0209867 0.0345547 0.999182 0
0.480693 -0.876067 0.0379757 27.1729 0.876558 0.481251 0.00665964 52.329 -0.0241101 0.0300866 0.999256 0
0.47861 -0.877594 0.02758 28.1421 0.877992 0.478637 -0.00605427 54.278 -0.00788761 0.0271127 0.999601 0
0.476778 -0.878596 0.0274027 29.0271 0.878941 0.476929 -0.00118642 56.0694 -0.0120267 0.024651 0.999624 0
0.479092 -0.877153 0.0327583 29.8456 0.877764 0.478765 -0.0177142 57.7019 -0.000145447 0.0372408 0.999306 0
0.490211 -0.870954 0.0336549 30.6024 0.871568 0.490174 -0.00990824 59.21 -0.00786713 0.0341897 0.999384 0
0.514305 -0.856755 0.0382139 31.3375 0.857475 0.514497 -0.00539683 60.5961 -0.0150372 0.0355431 0.999255 0
0.563441 -0.825446 0.0342378 32.0664 0.825953 0.563738 -0.0011874 61.8647 -0.018321 0.0289479 0.999413 0
0.66559 -0.745288 0.0391934 33.1261 0.745832 0.666133 0.0010842 63.3545 -0.026916 0.0285101 0.999231 0
0.798081 -0.601602 0.0337939 34.346 0.601933 0.798546 0.000459141 64.5954 -0.0272622 0.0199752 0.999429 0
0.921934 -0.38629 0.0286079 35.7286 0.386569 0.922248 -0.00475743 65.471 -0.0245458 0.015445 0.999579 0
0.996091 -0.0829157 0.030447 37.614 0.0832085 0.996496 -0.00847559 65.9932 -0.0296376 0.0109759 0.9995 0
0.983879 0.177244 0.02381 39.5279 -0.176925 0.984111 -0.0149297 65.9306 -0.0260779 0.0104764 0.999605 0
0.939699 0.341529 0.0179739 41.4369 -0.341477 0.939871 -0.00599789 65.4399 -0.0189416 -0.00050148 0.99982 0
0.906131 0.422953 -0.0060683 43.0254 -0.422996 0.906064 -0.011044 64.7856 0.000827165 0.0125742 0.999921 0
0.879246 0.476353 0.0036511 44.7453 -0.476267 0.879192 -0.0138231 63.9459 -0.00979469 0.010415 0.999898 0
0.865453 0.500988 -0.00143112 46.1384 -0.500916 0.865271 -0.0197305 63.1789 -0.00864642 0.0177927 0.999804 0
0.856472 0.516165 -0.00537779 47.6544 -0.516153 0.856228 -0.0214278 62.3068 -0.00645566 0.0211281 0.999756 0
0.851021 0.525081 -0.00725339 49.2986 -0.525084 0.850678 -0.0251555 61.3297 -0.00703838 0.0252165 0.999657 0
0.850242 0.526254 -0.0120429 51.0684 -0.526336 0.849597 -0.0340005 60.2582 -0.0076613 0.0352473 0.999349 0
0.85352 0.52087 -0.0140943 52.3242 -0.521008 0.852736 -0.0373079 59.506 -0.00741384 0.0391863 0.999204 0
0.858029 0.513425 -0.0134631 53.6442 -0.51352 0.857135 -0.0401982 58.7305 -0.00909904 0.0414048 0.999101 0
0.862474 0.506019 -0.00917007 55.0251 -0.505957 0.861652 -0.0395407 57.9407 -0.012107 0.0387425 0.999176 0
0.866765 0.498647 -0.00837833 56.4493 -0.498605 0.866089 -0.0358157 57.1443 -0.010603 0.0352213 0.999323 0
0.86867 0.495233 -0.0125193 57.9024 -0.49539 0.868315 -0.0248653 56.3516 -0.00144347 0.0278017 0.999612 0
0.869153 0.494437 -0.0102543 59.3657 -0.494543 0.868927 -0.0198343 55.5572 -0.00089659 0.0223102 0.999751 0
0.869593 0.493713 -0.00740579 60.8283 -0.493759 0.869386 -0.0192248 54.7627 -0.00305306 0.0203745 0.999788 0
0.870151 0.492756 -0.00543747 62.2884 -0.492776 0.870011 -0.0158934 53.9731 -0.00310089 0.0165091 0.999859 0
0.869471 0.493967 -0.00399918 63.7457 -0.493981 0.869413 -0.0101457 53.1896 -0.00153471 0.0107969 0.999941 0
0.866224 0.499656 0.000654847 65.197 -0.499641 0.866207 -0.00659282 52.4063 -0.00386137 0.00538367 0.999978 0
0.860555 0.509326 0.00555587 66.6358 -0.509305 0.860572 -0.00491175 51.6151 -0.00728291 0.00139721 0.999973 0
0.852131 0.523307 0.00479123 68.0521 -0.523296 0.852144 -0.00331442 50.8111 -0.00581728 0.000317088 0.999983 0
0.841701 0.539919 0.00514124 69.4406 -0.539906 0.841717 -0.00372741 49.9894 -0.00633996 0.000361578 0.99998 0
0.830063 0.557642 0.00561563 70.7982 -0.557623 0.830081 -0.00460523 49.1494 -0.00722949 0.000691221 0.999974 0
0.818053 0.575126 0.00452913 72.1215 -0.575115 0.818065 -0.00354708 48.2926 -0.00574513 0.000296927 0.999983 0
0.806451 0.591296 0.0023302 73.4066 -0.591291 0.806454 -0.00240913 47.4226 -0.00330371 0.000565024 0.999994 0
0.795257 0.606272 0.000724689 74.6488 -0.606269 0.795257 -0.00219301 46.5466 -0.00190587 0.00130465 0.999997 0
0.784951 0.619558 -0.00031737 75.8472 -0.619554 0.784944 -0.00406381 45.6685 -0.00226865 0.00338652 0.999992 0
0.778053 0.628198 -0.000954108 77.0016 -0.628175 0.778009 -0.00987585 44.7925 -0.00546169 0.00828328 0.999951 0
0.773796 0.633434 -0.00129397 78.651 -0.633381 0.773701 -0.0146759 43.5189 -0.00829506 0.0121757 0.999891 0
0.77739 0.628996 -0.00537896 80.1865 -0.628998 0.777263 -0.0149681 42.3321 -0.005234 0.0150194 0.999874 0
0.79445 0.607301 -0.00598419 81.5999 -0.607321 0.794344 -0.0133746 41.2802 -0.00336887 0.0142597 0.999893 0
0.8273 0.561688 -0.00903922 82.9129 -0.561753 0.827265 -0.00812686 40.3886 0.00291308 0.0118012 0.999926 0
0.874686 0.484599 -0.00941026 84.223 -0.484655 0.874692 -0.00487714 39.6313 0.00586762 0.0088267 0.999944 0
0.929631 0.368481 0.00279385 85.5652 -0.368456 0.92962 -0.00684423 39.0431 -0.00511919 0.0053332 0.999973 0
0.988311 0.152306 0.00661702 87.3901 -0.152255 0.988311 -0.0077525 38.6002 -0.00772043 0.00665442 0.999948 0
0.993157 -0.116587 -0.00686669 89.1938 0.11652 0.993143 -0.00949237 38.6317 0.00792629 0.00862731 0.999931 0
0.92598 -0.377478 0.00846022 90.9134 0.377551 0.925935 -0.0100092 39.1546 -0.00405537 0.0124624 0.999914 0
0.817134 -0.576008 0.0225152 92.4933 0.576019 0.817409 0.00663235 40.1493 -0.0222244 0.00754968 0.999725 0
0.751193 -0.659849 0.017575 93.5929 0.659778 0.751389 0.0104186 41.137 -0.0200804 0.00376922 0.999791 0
0.717838 -0.695991 0.0174665 94.6659 0.695939 0.718032 0.00990026 42.2633 -0.019432 0.00504884 0.999798 0
0.705968 -0.708242 0.00166727 95.7517 0.708122 0.705888 0.0168945 43.5018 -0.0131423 -0.0107464 0.999856 0
0.71058 -0.703602 -0.00441905 96.9162 0.703616 0.71057 0.00394001 44.8109 0.000367845 -0.00590901 0.999982 0
0.720103 -0.693824 -0.00777117 98.1637 0.693863 0.720012 0.011665 46.1996 -0.0024981 -0.0137921 0.999902 0
0.727586 -0.68598 0.00704334 99.5161 0.685824 0.727587 0.0162219 47.6343 -0.0162525 -0.00697235 0.999844 0
0.728483 -0.685046 0.00490041 100.947 0.685054 0.728493 0.000327699 49.1213 -0.0037944 0.00311832 0.999988 0
0.725507 -0.688213 -0.00126109 101.937 0.688208 0.725507 -0.00306397 50.1577 0.0030236 0.00135504 0.999995 0
0.722214 -0.691612 0.00896784 102.963 0.691607 0.722262 0.00417028 51.2318 -0.00936135 0.00319038 0.999951 0
0.719094 -0.694891 0.00551378 104.008 0.694836 0.719109 0.0092374 52.3457 -0.010384 -0.00281138 0.999942 0
0.713932 -0.70021 -0.00272627 105.078 0.700215 0.713923 0.00354883 53.4915 -0.000538579 -0.00444259 0.99999 0
0.708275 -0.705936 0.000497449 106.177 0.705936 0.708275 -1.20224e-06 54.6721 -0.000351482 0.000352019 1 0
0.704563 -0.70961 0.00674296 107.296 0.709624 0.70458 0.000324224 55.8883 -0.00498103 0.00455653 0.999977 0
0.702968 -0.711098 0.0132475 108.433 0.711176 0.703012 -0.00179311 57.1289 -0.00803809 0.0106818 0.999911 0
0.702824 -0.711336 0.00625105 109.576 0.711343 0.702843 0.00133595 58.3942 -0.00534382 0.00350771 0.99998 0
0.703931 -0.710246 -0.00561116 110.731 0.710266 0.703887 0.00803525 59.6765 -0.00175738 -0.00964168 0.999952 0
0.707682 -0.706468 -0.00944185 111.901 0.706519 0.707529 0.0153046 60.9704 -0.00413185 -0.0175017 0.999838 0
0.710417 -0.703727 -0.0087233 113.088 0.703781 0.710346 0.0100772 62.254 -0.000895009 -0.0132983 0.999911 0
0.711329 -0.702858 -0.00120753 114.288 0.702859 0.711327 0.00192184 63.5242 -0.00049183 -0.00221578 0.999997 0
0.712549 -0.701622 -0.000820835 115.479 0.701608 0.712526 0.00724249 64.7985 -0.00449663 -0.00573653 0.999973 0
0.713603 -0.70055 -0.000703493 116.664 0.700471 0.713506 0.0158306 66.0685 -0.0105882 -0.0117895 0.999874 0
0.713905 -0.700183 -0.00915903 117.845 0.700139 0.713963 -0.00785745 67.3134 0.0120409 -0.000803132 0.999927 0
0.712547 -0.701624 0.00128326 119.028 0.701623 0.71254 -0.00327895 68.5573 0.00138622 0.00323677 0.999994 0
0.710318 -0.703592 0.0201596 120.2 0.703416 0.710599 0.0159925 69.801 -0.0255776 0.00282081 0.999669 0
0.708631 -0.70558 0.000339622 121.344 0.705574 0.708627 0.00359062 71.0344 -0.00277413 -0.00230479 0.999994 0
0.705721 -0.70849 0.00048358 122.487 0.708487 0.705716 -0.00318004 72.2586 0.00191175 0.00258683 0.999995 0
0.700297 -0.713852 0.000275867 123.614 0.713844 0.700286 -0.00511473 73.4799 0.00345797 0.00377875 0.999987 0
0.695082 -0.718902 -0.00645852 124.717 0.718913 0.695099 -0.000676077 74.7062 0.00497535 -0.00417319 0.999979 0
0.692095 -0.721766 -0.00764902 125.805 0.721806 0.692073 0.00557319 75.9327 0.00127114 -0.00937828 0.999955 0
0.689479 -0.724294 -0.00418915 126.887 0.724306 0.689461 0.00493171 77.1483 -0.00068375 -0.00643453 0.999979 0
0.68295 -0.730462 -0.00220312 127.958 0.730443 0.68295 -0.00571916 78.3514 0.00568224 0.00229665 0.999981 0
0.673104 -0.739532 0.00484969 129.011 0.739545 0.673104 -0.00201424 79.5639 -0.00177475 0.00494236 0.999986 0
0.665539 -0.746222 0.0145291 130.045 0.746159 0.665686 0.0103997 80.7911 -0.0174323 0.00391959 0.99984 0
0.658105 -0.7529 0.0062714 131.059 0.752854 0.658135 0.00831981 82.0238 -0.0103914 -0.000753856 0.999946 0
0.647769 -0.761832 0.00290504 132.071 0.761835 0.647754 -0.00466417 83.2655 0.00167156 0.00523447 0.999985 0
0.636058 -0.77164 -0.00147385 133.066 0.771639 0.63605 0.00374634 84.5402 -0.00195338 -0.00352017 0.999992 0
0.621657 -0.783226 -0.00992311 134.049 0.783265 0.621687 6.55107e-05 85.8321 0.00611776 -0.00781315 0.999951 0
0.608333 -0.793638 -0.00838236 135.017 0.793677 0.608332 0.00302434 87.1484 0.00269902 -0.0084927 0.99996 0
0.59514 -0.803603 -0.00552589 135.962 0.803578 0.595022 0.014518 88.4867 -0.00837867 -0.0130807 0.999879 0
0.584626 -0.811295 -0.00352465 136.892 0.811214 0.584492 0.0173304 89.8345 -0.012 -0.0129911 0.999844 0
0.577245 -0.81646 -0.0134535 137.799 0.816564 0.577094 0.0136093 91.1899 -0.00334751 -0.0188415 0.999817 0
0.571624 -0.820279 -0.0196856 138.694 0.820515 0.571494 0.0122749 92.5512 0.00118138 -0.0231689 0.999731 0
0.566892 -0.823672 -0.0140978 139.581 0.823651 0.566395 0.0282035 93.92 -0.0152455 -0.0276 0.999503 0
0.559167 -0.829002 -0.0093647 140.462 0.828943 0.558871 0.0227347 95.2773 -0.0136134 -0.0204753 0.999698 0
0.547923 -0.836486 -0.00843232 141.333 0.836527 0.547871 0.00773867 96.6338 -0.00185347 -0.0112941 0.999934 0
0.535209 -0.844718 -0.00164954 142.187 0.844659 0.535146 0.0130423 98.0146 -0.0101343 -0.00837367 0.999914 0
0.524032 -0.851603 0.0127779 143.035 0.851542 0.524164 0.0112809 99.4128 -0.0163045 0.00496938 0.999855 0
0.512761 -0.858403 0.0148569 143.864 0.858506 0.512803 -0.00114578 100.822 -0.00663511 0.0133422 0.999889 0
0.500558 -0.865352 0.0246474 144.689 0.8657 0.500276 -0.0169659 102.239 0.00235099 0.0298297 0.999552 0
0.490578 -0.871072 0.023821 145.482 0.871213 0.490853 0.00716513 103.69 -0.0179339 0.0172381 0.999691 0
0.483758 -0.874955 0.02078 146.26 0.875053 0.483977 0.00692851 105.146 -0.0161192 0.0148319 0.99976 0
0.479364 -0.877614 0.00199538 147.026 0.877616 0.47936 -0.00218196 106.608 0.000958416 0.00279713 0.999996 0
0.475451 -0.879676 0.0108179 147.809 0.879729 0.475476 -0.000332288 108.073 -0.00485134 0.0096748 0.999941 0
0.474386 -0.880191 0.0149251 148.582 0.880185 0.47454 0.00927067 109.548 -0.0152425 0.008739 0.999846 0
0.471105 -0.881961 0.0143102 149.359 0.882075 0.471077 -0.00544918 111.012 -0.00193524 0.0151898 0.999883 0
0.467501 -0.883679 0.0235187 150.142 0.883956 0.467076 -0.0214966 112.47 0.00801113 0.0308392 0.999492 0
0.46465 -0.885139 0.0250957 150.908 0.885469 0.464666 -0.00553178 113.937 -0.00676473 0.0247918 0.99967 0
0.462853 -0.886099 0.0243981 151.668 0.886429 0.462778 -0.0089978 115.388 -0.00331794 0.0257918 0.999662 0
0.462264 -0.88659 0.0164256 152.416 0.886742 0.462189 -0.00835752 116.831 -0.000182015 0.0184286 0.99983 0
0.4609 -0.887343 0.0138874 153.164 0.887429 0.460945 1.02256e-05 118.26 -0.00641041 0.0123194 0.999904 0
0.459845 -0.887937 0.0104975 153.903 0.887971 0.459892 0.00245988 119.672 -0.00701193 0.0081903 0.999942 0
0.458017 -0.888927 0.00538322 154.633 0.888943 0.458002 -0.00381652 121.057 0.000927085 0.0065334 0.999978 0
0.456183 -0.889869 0.00552874 155.355 0.889883 0.45619 -0.000111839 122.417 -0.00242263 0.00497095 0.999985 0
0.457077 -0.889413 0.00509762 156.075 0.889424 0.457084 0.000128693 123.752 -0.0024445 0.00447512 0.999987 0
0.459814 -0.888007 0.00368215 156.795 0.888014 0.459817 -0.000265698 125.066 -0.00145717 0.00339197 0.999993 0
0.467376 -0.884058 -0.000148329 157.875 0.884057 0.467376 -0.00199094 127.001 0.00182943 0.000799388 0.999998 0
0.478983 -0.877802 -0.00624674 158.956 0.877793 0.479014 -0.00504893 128.9 0.00742423 -0.00306499 0.999968 0
0.494494 -0.869057 -0.0147215 160.038 0.869043 0.494646 -0.00946956 130.767 0.0155115 -0.00811096 0.999847 0
0.512409 -0.858544 -0.0184086 161.123 0.858535 0.512638 -0.0109532 132.6 0.0188407 -0.0101919 0.999771 0
0.526583 -0.850123 0.00114697 162.23 0.850098 0.526555 -0.00855425 134.374 0.00666822 0.00547956 0.999963 0
0.528695 -0.848812 0.000388543 163.335 0.848809 0.528691 -0.00287287 136.131 0.00223311 0.00184867 0.999996 0
0.52758 -0.84944 -0.0105837 164.433 0.849487 0.527609 6.52918e-05 137.906 0.00552859 -0.00902516 0.999944 0
0.520932 -0.853475 -0.0144911 165.536 0.853326 0.521119 -0.0164188 139.688 0.0215646 -0.00381259 0.99976 0
0.510569 -0.859836 0.000797142 166.63 0.859749 0.51053 0.0138174 141.511 -0.0122876 -0.00636937 0.999904 0
0.502205 -0.864749 0.000371346 167.708 0.864712 0.502188 0.00896006 143.357 -0.00793469 -0.00417868 0.99996 0
0.496559 -0.867861 0.0156862 168.795 0.867995 0.49655 -0.00471929 145.228 -0.00369329 0.0159589 0.999866 0
0.492951 -0.869646 0.02674 169.865 0.870047 0.492859 -0.010395 147.111 -0.00413906 0.0283893 0.999588 0
0.490143 -0.870752 0.0393808 170.917 0.871628 0.48989 -0.0164859 148.98 -0.00493712 0.0424059 0.999088 0
0.488344 -0.871517 0.0444767 171.938 0.872629 0.488056 -0.0178607 150.832 -0.00614123 0.0475338 0.998851 0
0.488488 -0.87185 0.0354476 172.923 0.872478 0.487443 -0.034359 152.641 0.0126773 0.0477112 0.998781 0
0.487378 -0.871972 0.0461201 173.863 0.873182 0.486937 -0.0211275 154.373 -0.00403498 0.0505683 0.998712 0
0.482455 -0.874269 0.0537635 174.72 0.875821 0.482417 -0.014545 155.975 -0.0132202 0.0541046 0.998448 0
0.458916 -0.886394 0.0608431 175.476 0.888464 0.458233 -0.0255708 157.426 -0.00521446 0.0657917 0.99782 0
0.406274 -0.911454 0.0647595 176.111 0.913751 0.405257 -0.0287235 158.792 -6.40813e-05 0.0708437 0.997487 0
0.287155 -0.955746 0.0639703 176.744 0.957872 0.286178 -0.0241443 160.575 0.00476886 0.0682085 0.99766 0
0.0532423 -0.998345 0.0217387 177.032 0.998391 0.0527941 -0.0206973 162.723 0.0195154 0.0228056 0.999549 0
-0.173828 -0.984719 -0.0106476 176.834 0.984772 -0.173785 -0.00480483 164.321 0.00288101 -0.0113207 0.999932 0
-0.387334 -0.921185 -0.0372946 176.27 0.921402 -0.388172 0.0184452 165.789 -0.0314681 -0.0272189 0.999134 0
-0.587176 -0.809219 -0.0197241 175.409 0.809027 -0.587484 0.0183798 167.107 -0.0264608 -0.00516516 0.999637 0
-0.707709 -0.706269 -0.0182294 174.491 0.706146 -0.707936 0.013579 168.035 -0.0224956 -0.00326262 0.999742 0
-0.792017 -0.610249 -0.0174699 173.346 0.610109 -0.792209 0.0131103 168.907 -0.0218403 -0.000274983 0.999761 0
-0.841706 -0.539739 -0.0146141 172.003 0.539702 -0.84183 0.00671815 169.717 -0.0159286 -0.00223253 0.999871 0
-0.868707 -0.495089 -0.0153301 170.493 0.495172 -0.868793 -0.00192417 170.491 -0.0123661 -0.00926259 0.999881 0
-0.877508 -0.479378 -0.0132787 168.825 0.479473 -0.877542 -0.0050676 171.283 -0.00922336 -0.0108137 0.999899 0
-0.878695 -0.477203 -0.0131031 167.001 0.477278 -0.878747 -0.0031562 172.142 -0.0100082 -0.00902717 0.999909 0
-0.877757 -0.479072 -0.00576725 165.018 0.479086 -0.877767 -0.0012962 173.092 -0.00444133 -0.00390075 0.999983 0
-0.876785 -0.480869 -0.00353436 163.601 0.480877 -0.876785 -0.00213987 173.779 -0.00206988 -0.00357581 0.999991 0
-0.87556 -0.483103 -0.00266513 162.111 0.483103 -0.875564 0.000622602 174.511 -0.00263427 -0.000742404 0.999996 0
-0.874144 -0.485666 0.000164599 160.557 0.485661 -0.874134 0.0047668 175.287 -0.00217119 0.00424681 0.999989 0
-0.87313 -0.487484 -0.00173904 158.954 0.487451 -0.873103 0.00910789 176.097 -0.00595831 0.00710468 0.999957 0
-0.872407 -0.488733 -0.00678317 157.328 0.488595 -0.872375 0.0153775 176.923 -0.0134329 0.0101012 0.999859 0
-0.873034 -0.48765 -0.00295733 155.703 0.487572 -0.872976 0.0136646 177.749 -0.0092452 0.0104877 0.999902 0
-0.87503 -0.484067 0.00125232 154.081 0.484021 -0.874904 0.0163244 178.575 -0.00680644 0.0148905 0.999866 0
-0.877935 -0.478741 -0.00606397 152.457 0.478471 -0.877753 0.0248209 179.396 -0.0172055 0.0188897 0.999674 0
-0.880785 -0.473486 -0.00530134 150.835 0.473156 -0.880497 0.0291077 180.203 -0.0184499 0.0231293 0.999562 0
-0.883452 -0.468515 -0.00224805 149.213 0.46832 -0.883205 0.0250069 180.996 -0.0137016 0.0210396 0.999685 0
-0.885254 -0.465106 -0.00122401 147.595 0.464968 -0.88505 0.0221574 181.778 -0.0113889 0.0190458 0.999754 0
-0.886196 -0.46331 -0.000267699 145.982 0.46327 -0.886126 0.0127574 182.546 -0.00614786 0.0111816 0.999919 0
-0.885798 -0.46407 0.000789292 144.381 0.464059 -0.885765 0.00837247 183.31 -0.00318628 0.0077826 0.999965 0
-0.884242 -0.467026 0.00123755 142.797 0.467016 -0.884197 0.00956284 184.075 -0.00337186 0.00903382 0.999954 0
-0.882639 -0.47005 0.00147356 141.232 0.470021 -0.88254 0.0142552 184.843 -0.0054002 0.0132748 0.999897 0
-0.881085 -0.472923 0.00580835 139.689 0.472926 -0.880815 0.0224744 185.615 -0.00551257 0.0225488 0.999731 0
-0.879614 -0.475622 0.00796325 138.162 0.475673 -0.879329 0.0226882 186.379 -0.00378866 0.0237447 0.999711 0
-0.87965 -0.475593 0.0052258 136.652 0.475538 -0.879235 0.0284355 187.146 -0.00892904 0.0274984 0.999582 0
-0.880998 -0.473119 1.04245e-06 135.154 0.472937 -0.880658 0.0277842 187.899 -0.0131443 0.0244783 0.999614 0
-0.883634 -0.468163 0.00364854 133.669 0.468112 -0.883353 0.0236282 188.641 -0.00783889 0.0225866 0.999714 0
-0.887663 -0.460452 0.00616682 132.195 0.460479 -0.887448 0.019893 189.368 -0.00368706 0.020498 0.999783 0
-0.892071 -0.451878 0.00393562 130.726 0.451877 -0.891924 0.0166735 190.076 -0.00402409 0.0166523 0.999853 0
-0.896022 -0.444002 -0.00268107 129.266 0.443929 -0.895958 0.0136321 190.764 -0.00845482 0.0110245 0.999904 0
-0.898878 -0.438146 -0.00683862 127.819 0.438107 -0.8989 0.00644918 191.429 -0.00897291 0.00280098 0.999956 0
-0.900229 -0.435305 -0.00989771 126.398 0.435347 -0.900259 -0.00247804 192.072 -0.0078318 -0.00653974 0.999948 0
-0.900806 -0.434018 -0.0132917 125.019 0.434131 -0.900821 -0.00717762 192.696 -0.00885825 -0.012236 0.999886 0
-0.90059 -0.434374 -0.0159936 123.696 0.434574 -0.900553 -0.0122372 193.293 -0.00908753 -0.0179711 0.999797 0
-0.898278 -0.438969 -0.0200698 121.817 0.439279 -0.898226 -0.014985 194.149 -0.0114492 -0.0222769 0.999686 0
-0.894479 -0.446716 -0.0187515 120.068 0.447016 -0.894363 -0.0170624 194.967 -0.00914862 -0.0236442 0.999679 0
-0.89033 -0.454988 -0.0172664 118.451 0.455231 -0.890257 -0.0144228 195.746 -0.0088093 -0.0207013 0.999747 0
-0.884548 -0.46611 -0.0177778 116.984 0.46636 -0.884482 -0.0141268 196.473 -0.00913953 -0.0207867 0.999742 0
-0.87843 -0.477537 -0.0178777 115.676 0.477749 -0.878437 -0.0102165 197.149 -0.0108257 -0.0175156 0.999788 0
-0.868585 -0.495077 -0.0214075 114.161 0.495307 -0.86869 -0.00690594 197.964 -0.0151775 -0.0166017 0.999747 0
-0.856831 -0.515339 -0.0163142 112.921 0.515444 -0.856919 -0.0027346 198.68 -0.0125707 -0.0107522 0.999863 0
-0.843868 -0.53651 -0.00666564 111.675 0.536533 -0.843877 -0.0021024 199.458 -0.00449702 -0.00535048 0.999976 0
-0.831434 -0.555495 0.0119848 111.051 0.555385 -0.831515 -0.0113807 200.247 0.0162875 -0.00280612 0.999863 0
-0.767707 -0.640786 0.00433815 110.022 0.640735 -0.767708 -0.00909239 201.153 0.00915671 -0.00420069 0.999949 0
-0.657432 -0.75342 0.0118771 109.125 0.753499 -0.657436 0.00412546 202.175 0.00470019 0.0116616 0.999921 0
-0.455878 -0.890042 0.000221352 108.273 0.889956 -0.45583 0.0140731 203.599 -0.0124248 0.00661261 0.999901 0
-0.167516 -0.985828 0.00903316 107.763 0.985869 -0.167501 0.00237121 205.481 -0.000824547 0.00930273 0.999956 0
0.0832715 -0.996339 0.019343 107.781 0.996507 0.0833764 0.00468063 207.329 -0.00627624 0.0188856 0.999802 0
0.285651 -0.958108 0.0207912 108.265 0.958333 0.285604 -0.00527204 209.403 -0.000886867 0.0214309 0.99977 0
0.387086 -0.921758 0.0229717 108.927 0.922029 0.3871 -0.00398424 211.063 -0.00521984 0.0227228 0.999728 0
0.44196 -0.896568 0.0289364 109.795 0.897005 0.441979 -0.00606574 212.789 -0.00735095 0.0286369 0.999563 0
0.4675 -0.88352 0.0289033 110.801 0.883974 0.467455 -0.00871073 214.6 -0.0058149 0.0296221 0.999544 0
0.477752 -0.87799 0.0297687 111.909 0.87848 0.477668 -0.0103246 216.51 -0.0051547 0.0310838 0.999503 0
0.480093 -0.87665 0.0315601 112.691 0.877171 0.480127 -0.00698992 217.847 -0.00902512 0.0310394 0.999477 0
0.479443 -0.87695 0.0330649 113.504 0.877507 0.479527 -0.00587141 219.234 -0.0107066 0.0318297 0.999436 0
0.476477 -0.878653 0.0306276 114.341 0.879178 0.476337 -0.0121772 220.673 -0.00388953 0.0327293 0.999457 0
0.475095 -0.87962 0.0235125 115.194 0.879927 0.474812 -0.0167962 222.166 0.00361027 0.0286691 0.999582 0
0.474951 -0.879588 0.0273339 116.07 0.879986 0.474949 -0.00697336 223.704 -0.00684854 0.0273655 0.999602 0
0.474716 -0.879415 0.0356807 116.971 0.87997 0.475029 0.000337429 225.28 -0.0172461 0.0312377 0.999363 0
0.473035 -0.88033 0.0354626 117.894 0.881024 0.472912 -0.012315 226.895 -0.00592942 0.0370688 0.999295 0
0.47104 -0.881518 0.0323622 118.833 0.882105 0.470571 -0.021301 228.557 0.00354843 0.0385805 0.999249 0
0.469792 -0.882242 0.0307335 119.786 0.882777 0.469494 -0.0167249 230.266 0.0003262 0.0349881 0.999388 0
0.469646 -0.882154 0.0351814 120.759 0.882768 0.469787 -0.00466118 232.019 -0.0124159 0.0332461 0.99937 0
0.469958 -0.881917 0.036904 121.751 0.882617 0.470042 -0.00689862 233.801 -0.0112624 0.0358142 0.999295 0
0.469397 -0.882258 0.0358828 122.76 0.882976 0.469207 -0.0140757 235.613 -0.00441802 0.0382907 0.999257 0
0.467808 -0.883041 0.0373241 123.778 0.883817 0.467614 -0.0143186 237.452 -0.00480935 0.039686 0.999201 0
0.464437 -0.884674 0.0406077 124.799 0.885553 0.464423 -0.0103565 239.309 -0.00969706 0.0407702 0.999121 0
0.461229 -0.886411 0.0392783 125.818 0.887281 0.460814 -0.0195803 241.177 -0.000743848 0.0438819 0.999036 0
0.458459 -0.887962 0.0365828 126.831 0.888712 0.457958 -0.0215652 243.062 0.00239573 0.0423984 0.999098 0
0.455513 -0.889469 0.0367925 127.836 0.890219 0.455314 -0.0140915 244.951 -0.00421815 0.0391722 0.999224 0
0.452897 -0.890806 0.0367311 128.829 0.891492 0.452996 -0.00603612 246.835 -0.0112621 0.0354792 0.999307 0
0.452256 -0.891181 0.0355157 129.81 0.891831 0.452318 -0.00671529 248.71 -0.0100798 0.034711 0.999347 0
0.452237 -0.891294 0.03281 130.785 0.891889 0.452093 -0.0120973 250.572 -0.00405095 0.0347337 0.999388 0
0.452053 -0.891437 0.0314482 131.752 0.891991 0.451806 -0.0149592 252.422 -0.000873347 0.0348138 0.999393 0
0.452697 -0.891142 0.0305326 132.71 0.891647 0.452636 -0.00926776 254.261 -0.00556124 0.0314198 0.999491 0
0.453204 -0.890934 0.029041 133.662 0.891363 0.453263 -0.00488586 256.092 -0.00881025 0.0281004 0.999566 0
0.453941 -0.890564 0.0288732 134.611 0.890882 0.45422 0.0035884 257.919 -0.0163105 0.0240937 0.999577 0
0.454558 -0.890468 0.0210757 135.555 0.890667 0.454657 -9.81081e-05 259.74 -0.00949486 0.018816 0.999778 0
0.455235 -0.890265 0.013744 136.497 0.890362 0.455247 -0.00238767 261.558 -0.00413125 0.0133241 0.999903 0
0.455604 -0.890137 0.00897438 137.439 0.890179 0.455606 -0.00187258 263.376 -0.00242193 0.00884196 0.999958 0
0.455272 -0.890294 0.0102189 138.385 0.890331 0.455311 0.00175682 265.197 -0.00621685 0.00829835 0.999946 0
0.454902 -0.890474 0.0109926 139.336 0.890507 0.454958 0.00322804 267.028 -0.00787567 0.00832056 0.999934 0
0.456108 -0.88986 0.0107454 140.291 0.889889 0.456165 0.00349426 268.874 -0.00801107 0.00796845 0.999936 0
0.457327 -0.88923 0.0110102 141.257 0.889267 0.45738 0.00279357 270.734 -0.00751999 0.00851346 0.999936 0
0.458356 -0.888697 0.0112667 142.233 0.888726 0.458421 0.00397051 272.611 -0.00869349 0.00819314 0.999929 0
0.458724 -0.888549 0.00725454 143.215 0.888577 0.458725 -0.00164924 274.502 -0.0018624 0.00720276 0.999972 0
0.458445 -0.888663 0.010289 144.207 0.88871 0.45847 0.000143761 276.409 -0.00484498 0.00907806 0.999947 0
0.458837 -0.888422 0.0132541 145.199 0.888446 0.458941 0.00612321 278.324 -0.0115228 0.00896598 0.999893 0
0.459113 -0.888245 0.0153821 146.189 0.888251 0.459271 0.00895681 280.234 -0.0150204 0.00955097 0.999842 0
0.458648 -0.888435 0.0180399 147.175 0.888533 0.458791 0.00454195 282.132 -0.0123118 0.0139459 0.999827 0
0.45801 -0.888721 0.0200696 148.154 0.888893 0.458114 0.000677724 284.022 -0.00979646 0.0175293 0.999798 0
0.457363 -0.888893 0.0262501 149.127 0.889159 0.457589 0.0030282 285.906 -0.0147035 0.0219555 0.999651 0
0.456504 -0.889122 0.0326587 150.093 0.889549 0.45683 0.00288368 287.778 -0.0174834 0.0277351 0.999462 0
0.455877 -0.889367 0.034684 151.047 0.889977 0.45597 -0.00563317 289.632 -0.0108049 0.033436 0.999382 0
0.454697 -0.889848 0.037712 151.984 0.890565 0.45482 -0.00575097 291.465 -0.0120347 0.0362 0.999272 0
0.452742 -0.89057 0.0437015 152.901 0.891475 0.45306 -0.00288227 293.266 -0.0172326 0.0402638 0.99904 0
0.450733 -0.891355 0.0482261 153.796 0.89244 0.45116 -0.00224825 295.037 -0.0197537 0.0440523 0.998834 0
0.448863 -0.892218 0.0496966 154.671 0.893441 0.44914 -0.00607866 296.781 -0.0168972 0.0471295 0.998746 0
0.447178 -0.893182 0.0475247 155.518 0.894315 0.447386 -0.00675558 298.491 -0.0152279 0.045523 0.998847 0
0.445886 -0.893842 0.0472403 156.341 0.89493 0.446183 -0.00463569 300.164 -0.0169343 0.0443438 0.998873 0
0.445143 -0.894396 0.0436214 157.137 0.895318 0.445411 -0.00391399 301.796 -0.0159288 0.0407973 0.99904 0
0.446016 -0.894009 0.0426364 157.908 0.89492 0.446187 -0.00594309 303.376 -0.0137106 0.0408069 0.999073 0
0.448697 -0.892648 0.0430042 158.651 0.89355 0.448942 -0.0043259 304.898 -0.0154449 0.0403674 0.999066 0
0.451459 -0.891082 0.046445 159.366 0.89213 0.451757 -0.00445846 306.344 -0.017009 0.0434478 0.998911 0
0.454399 -0.889322 0.0512693 160.045 0.890565 0.454845 -0.0032921 307.712 -0.0203918 0.0471546 0.998679 0
0.458382 -0.88727 0.0513482 160.989 0.888477 0.45892 -0.00148708 309.608 -0.0222452 0.0463033 0.99868 0
0.461877 -0.885726 0.0464667 161.843 0.886853 0.461946 -0.00988691 311.317 -0.012708 0.0457757 0.998871 0
0.461641 -0.885638 0.0503192 162.609 0.886843 0.462055 -0.0037758 312.847 -0.0199062 0.0463683 0.998726 0
0.449787 -0.891999 0.0450582 163.269 0.893038 0.449913 -0.00786636 314.198 -0.0132555 0.0437768 0.998953 0
0.396158 -0.91728 0.0406895 163.995 0.918154 0.396103 -0.00975076 315.813 -0.00717306 0.0412221 0.999124 0
0.284842 -0.957629 0.0425738 164.549 0.958499 0.285096 -0.000103034 317.391 -0.012039 0.0408363 0.999093 0
0.0599538 -0.997486 0.0377786 164.866 0.997992 0.0606733 0.0181955 319.331 -0.0204419 0.0366119 0.99912 0
-0.222179 -0.974683 0.0251104 164.667 0.974465 -0.221124 0.0390161 321.363 -0.0324758 0.0331377 0.998923 0
-0.46112 -0.886445 0.0397883 164.052 0.886822 -0.458861 0.0547083 323.069 -0.0302386 0.0605122 0.997709 0
-0.631574 -0.774116 0.0431102 163.259 0.775234 -0.629727 0.0495589 324.295 -0.0112167 0.0647207 0.99784 0
-0.773136 -0.63254 0.0464075 162.177 0.634235 -0.77078 0.060361 325.419 -0.00241082 0.0761006 0.997097 0
-0.862293 -0.506196 0.0146828 160.792 0.50631 -0.861188 0.0447875 326.36 -0.0100266 0.046054 0.998889 0
-0.901782 -0.432165 -0.00464559 159.192 0.431628 -0.901105 0.0413068 327.191 -0.0220375 0.0352446 0.999136 0
-0.913397 -0.407016 0.00663741 157.457 0.407057 -0.913113 0.0230194 327.966 -0.00330855 0.0237276 0.999713 0
-0.913452 -0.406625 0.0161602 155.622 0.406923 -0.913105 0.0255498 328.782 0.00436678 0.0299145 0.999543 0
-0.912389 -0.409194 0.010286 153.691 0.409323 -0.912073 0.0240433 329.644 -0.000456814 0.0261471 0.999658 0
-0.907981 -0.418925 0.00850047 151.653 0.419004 -0.907898 0.0125378 330.559 0.00246516 0.0149458 0.999885 0
-0.904244 -0.427009 0.00258158 150.231 0.427011 -0.904186 0.0104657 331.22 -0.00213473 0.0105659 0.999942 0
-0.901097 -0.433612 -0.002309 148.759 0.433578 -0.901073 0.00880222 331.922 -0.00589733 0.00693051 0.999959 0
-0.898328 -0.439321 0.00204248 147.236 0.43932 -0.898284 0.00910517 332.666 -0.00216536 0.00907673 0.999956 0
-0.895466 -0.445119 -0.00317217 145.663 0.445044 -0.895411 0.0132405 333.449 -0.00873397 0.0104446 0.999907 0
-0.892826 -0.45029 -0.0100469 144.059 0.450049 -0.892787 0.0196752 334.263 -0.0178293 0.013045 0.999756 0
-0.890567 -0.454749 -0.00968992 142.435 0.454557 -0.890554 0.0170726 335.096 -0.0163932 0.0107997 0.999807 0
-0.889556 -0.456807 -0.00415967 140.793 0.45671 -0.889499 0.0143943 335.948 -0.0102754 0.0109048 0.999888 0
-0.889725 -0.456476 -0.00446321 139.136 0.456362 -0.889656 0.0156594 336.814 -0.0111189 0.0118957 0.999867 0
-0.89072 -0.454513 -0.00602119 137.477 0.454371 -0.890659 0.0165319 337.68 -0.0128768 0.0119895 0.999845 0
-0.891854 -0.452228 -0.00925696 135.823 0.452091 -0.891866 0.0137498 338.536 -0.014474 0.00807786 0.999863 0
-0.892888 -0.450167 -0.0100821 134.176 0.450037 -0.892918 0.0128346 339.385 -0.0147802 0.00692249 0.999867 0
-0.89443 -0.447138 -0.00791362 132.535 0.447046 -0.894442 0.0110727 340.229 -0.0120293 0.00636595 0.999907 0
-0.89738 -0.441118 -0.0111274 130.896 0.440996 -0.897431 0.0118583 341.065 -0.015217 0.00573429 0.999868 0
-0.900527 -0.434445 -0.0175579 129.256 0.434332 -0.900697 0.0100131 341.883 -0.0201644 0.00139108 0.999796 0
-0.903003 -0.429338 -0.0159597 127.619 0.429359 -0.903131 0.00224565 342.682 -0.0153779 -0.00482462 0.99987 0
-0.904592 -0.426123 -0.0115303 125.984 0.426132 -0.904659 0.00180591 343.479 -0.0112005 -0.00327982 0.999932 0
-0.904982 -0.425168 -0.0154689 124.355 0.425162 -0.905109 0.00385182 344.266 -0.0156387 -0.00309096 0.999873 0
-0.90374 -0.427899 -0.0125097 122.732 0.427924 -0.903815 0.000726845 345.05 -0.0116175 -0.00469632 0.999922 0
-0.900806 -0.43397 -0.0147506 121.115 0.434053 -0.900883 -0.00276828 345.836 -0.0120872 -0.00889621 0.999887 0
-0.896604 -0.442444 -0.0185446 119.508 0.442562 -0.896734 -0.00261634 346.634 -0.0154719 -0.0105529 0.999825 0
-0.891956 -0.451672 -0.0201596 117.916 0.451789 -0.892124 -0.00143706 347.447 -0.0173358 -0.0103897 0.999796 0
-0.887228 -0.460971 -0.018212 116.341 0.461065 -0.887366 -0.00109914 348.274 -0.0156541 -0.00937211 0.999834 0
-0.882497 -0.470059 -0.0155791 114.782 0.470159 -0.882576 -0.00328306 349.111 -0.0122065 -0.010222 0.999873 0
-0.877645 -0.479049 -0.0158794 113.239 0.479148 -0.877729 -0.00293902 349.962 -0.0125299 -0.010188 0.99987 0
-0.87302 -0.487306 -0.0192118 111.712 0.487422 -0.873165 -0.0015842 350.823 -0.0160031 -0.0107473 0.999814 0
-0.869367 -0.49376 -0.0200383 110.212 0.493806 -0.869567 0.00293615 351.691 -0.0188744 -0.00734245 0.999795 0
-0.86712 -0.497852 -0.0157159 108.766 0.497814 -0.867259 0.00654849 352.543 -0.01689 -0.00214528 0.999855 0
-0.866119 -0.499703 -0.0116311 107.388 0.499609 -0.866192 0.0101719 353.366 -0.0151577 0.00299914 0.999881 0
-0.866253 -0.499555 -0.00705567 106.082 0.499444 -0.866247 0.0131216 354.149 -0.0126669 0.0078427 0.999889 0
-0.870042 -0.492946 -0.00556238 104.272 0.492756 -0.869935 0.0201271 355.234 -0.0147605 0.0147705 0.999782 0
-0.877808 -0.478991 -0.00445261 102.641 0.478753 -0.877602 0.024714 356.191 -0.0157454 0.0195624 0.999685 0
-0.888025 -0.459793 -0.001407 101.069 0.45963 -0.887785 0.0240484 357.074 -0.0123064 0.0207089 0.99971 0
-0.897728 -0.44055 -2.21625e-05 99.501 0.440453 -0.897532 0.0208962 357.908 -0.00922573 0.0187494 0.999782 0
-0.905948 -0.423316 0.00790103 97.9393 0.42339 -0.905801 0.016319 358.698 0.000248665 0.0181294 0.999836 0
-0.912356 -0.409292 0.00926855 96.3419 0.409377 -0.912301 0.0108258 359.466 0.00402479 0.0136713 0.999898 0
-0.917296 -0.398077 0.0101786 94.6849 0.39816 -0.91728 0.00810522 360.235 0.00611016 0.0114876 0.999915 0
-0.919686 -0.392517 0.0104124 92.9583 0.39255 -0.91973 0.00124816 361.006 0.00908664 0.00523528 0.999945 0
-0.919745 -0.392499 0.00362861 91.1492 0.392509 -0.919744 0.00269752 361.808 0.00227862 0.0039053 0.99999 0
-0.917683 -0.396554 -0.0245501 89.2304 0.396516 -0.918004 0.00657463 362.655 -0.0251443 -0.00370109 0.999677 0
-0.913693 -0.406356 -0.0063244 87.2161 0.406402 -0.913637 -0.0102479 363.554 -0.00161392 -0.0119337 0.999927 0
-0.910109 -0.413917 -0.019358 85.8018 0.414079 -0.910227 -0.00507457 364.203 -0.0155197 -0.0126341 0.9998 0
-0.906419 -0.421285 -0.0303949 84.3383 0.421407 -0.906868 0.00258364 364.893 -0.0286526 -0.0104668 0.999535 0
-0.903808 -0.427894 -0.00615961 82.8353 0.427936 -0.903757 -0.00967763 365.613 -0.00142579 -0.0113826 0.999934 0
-0.89994 -0.435855 -0.0117727 81.2718 0.436004 -0.899775 -0.0174708 366.365 -0.00297802 -0.0208556 0.999778 0
-0.894173 -0.447159 -0.0224643 79.6604 0.447608 -0.893954 -0.0222343 367.155 -0.0101398 -0.0299365 0.9995 0
-0.887869 -0.460096 0.000566651 78.0251 0.459883 -0.887493 -0.0294013 367.994 0.0140303 -0.0258439 0.999568 0
-0.881178 -0.472784 0.000981687 76.3562 0.472686 -0.881034 -0.0186355 368.89 0.00967545 -0.0159571 0.999826 0
-0.874718 -0.484467 -0.0126305 74.6599 0.484562 -0.874738 -0.00583338 369.825 -0.00822232 -0.0112228 0.999903 0
-0.870865 -0.491481 -0.00637396 72.9554 0.491514 -0.870853 -0.00535883 370.788 -0.00291702 -0.00779971 0.999965 0
-0.869728 -0.493517 -0.00372492 71.2421 0.493526 -0.869729 -0.00209252 371.773 -0.00220697 -0.00365826 0.999991 0
-0.870164 -0.492724 -0.00606533 69.5229 0.492734 -0.87018 -8.12053e-05 372.759 -0.00523792 -0.00305925 0.999982 0
-0.872624 -0.488229 -0.0126047 67.7966 0.488241 -0.872706 0.00233891 373.741 -0.0121421 -0.00411316 0.999918 0
-0.875933 -0.482432 -0.00113229 66.0726 0.482429 -0.875933 0.00170288 374.711 -0.00181333 0.000945364 0.999998 0
-0.879323 -0.476178 0.00679923 64.3515 0.476221 -0.879293 0.0076314 375.671 0.0023446 0.0099484 0.999948 0
-0.88219 -0.470892 -0.0011492 62.6273 0.47083 -0.882108 0.0142917 376.612 -0.00774357 0.0120669 0.999897 0
-0.884386 -0.466754 -0.00157633 60.9053 0.466735 -0.884372 0.00665042 377.526 -0.00449817 0.00514581 0.999977 0
-0.886457 -0.46281 0.000994668 59.1893 0.462811 -0.886456 0.00119163 378.427 0.000330229 0.00151668 0.999999 0
-0.888379 -0.45911 -0.000716003 57.4787 0.4591 -0.888368 0.00536308 379.322 -0.00309832 0.00443573 0.999985 0
-0.890983 -0.453948 -0.00899726 55.7712 0.453792 -0.890978 0.0152057 380.208 -0.0149189 0.00946509 0.999844 0
-0.893981 -0.448025 -0.00844537 54.0668 0.447913 -0.893991 0.0124088 381.073 -0.0131095 0.00731046 0.999887 0
-0.896542 -0.442958 -0.000442473 52.3662 0.442948 -0.896527 0.00606197 381.917 -0.00308189 0.00523882 0.999982 0
-0.898003 -0.439941 -0.00647233 50.6661 0.439853 -0.897994 0.0116352 382.754 -0.0109309 0.00760157 0.999911 0
-0.899043 -0.437753 -0.00971625 48.9758 0.437545 -0.899016 0.0180371 383.58 -0.0166308 0.0119648 0.99979 0
-0.899085 -0.437597 -0.0124789 47.2939 0.43737 -0.899114 0.0173826 384.389 -0.0188266 0.0101706 0.999771 0
-0.89838 -0.439034 -0.0127317 45.6218 0.43892 -0.898461 0.0108312 385.189 -0.0161942 0.00414229 0.99986 0
-0.897277 -0.441395 -0.00805971 43.9644 0.441339 -0.897306 0.00784764 385.985 -0.0106959 0.00348444 0.999937 0
-0.896007 -0.443994 -0.00644612 42.3235 0.443933 -0.896015 0.00902613 386.78 -0.00978336 0.00522583 0.999938 0
-0.894998 -0.44584 -0.0143183 40.7024 0.445604 -0.895069 0.016996 387.572 -0.0203933 0.00883114 0.999753 0
-0.893833 -0.448147 -0.015031 39.1132 0.447885 -0.893912 0.0178954 388.348 -0.0214562 0.00926333 0.999727 0
-0.89286 -0.450179 -0.0118693 37.5679 0.449974 -0.892889 0.0165389 389.103 -0.0180434 0.00942603 0.999793 0
-0.892098 -0.451504 -0.0174693 36.0717 0.45124 -0.892238 0.0171195 389.834 -0.0233163 0.00738945 0.999701 0
-0.891737 -0.452443 -0.0100616 34.6445 0.452177 -0.89168 0.0210489 390.538 -0.0184951 0.0142205 0.999728 0
-0.891787 -0.452452 -0.00182574 33.2875 0.452308 -0.891591 0.0219739 391.204 -0.0115699 0.0187702 0.999757 0
-0.893257 -0.449434 -0.0101106 31.3831 0.448877 -0.892927 0.0345241 392.138 -0.0245443 0.0263005 0.999353 0
-0.896681 -0.442666 0.00312451 29.6424 0.442624 -0.896441 0.0218574 392.959 -0.00687458 0.0209821 0.999756 0
-0.902318 -0.431024 -0.00644019 28.0219 0.430843 -0.902224 0.0191179 393.696 -0.0140508 0.0144757 0.999797 0
-0.914966 -0.403479 -0.00652043 26.492 0.403242 -0.914802 0.0230784 394.363 -0.0152766 0.0184866 0.999712 0
-0.940159 -0.340729 -0.00233022 25.0214 0.340569 -0.939887 0.0249912 394.927 -0.0107054 0.0227021 0.999685 0
-0.982181 -0.187892 -0.0041232 23.0654 0.187711 -0.981841 0.0274273 395.444 -0.00920169 0.0261646 0.999615 0
-0.999473 0.0309554 -0.00980061 21.1232 -0.0312307 -0.999083 0.0293021 395.579 -0.00888456 0.0295928 0.999523 0
