0.472737 -0.880875 0.0240569 0.767876 0.881203 0.472588 -0.0119018 0.524701 -0.000885011 0.0268255 0.99964 1.08613
0.471686 -0.8815 0.0216603 1.09884 0.881766 0.471521 -0.0125107 1.14318 0.000814931 0.0250004 0.999687 1.08615
0.470346 -0.882279 0.0189033 1.51555 0.882481 0.470202 -0.0117653 1.92468 0.00149191 0.0222156 0.999752 1.08777
0.467572 -0.883735 0.0197286 2.50264 0.883953 0.467498 -0.00846469 3.78617 -0.00174256 0.021397 0.99977 1.08867
0.466691 -0.884196 0.0199306 2.86953 0.884415 0.466647 -0.00706536 4.4854 -0.00305341 0.0209243 0.999776 1.08719
0.465362 -0.884919 0.0188731 3.27747 0.885114 0.465335 -0.00607237 5.26773 -0.00340876 0.0195307 0.999803 1.08474
0.464452 -0.885403 0.0185968 3.62573 0.885589 0.46444 -0.00525367 5.94238 -0.00398547 0.0189092 0.999813 1.08217
0.463398 -0.885957 0.0184976 4.13663 0.886133 0.463417 -0.00348998 6.93771 -0.00548013 0.0180086 0.999823 1.07845
0.463044 -0.886168 0.0172216 4.58539 0.886286 0.463136 0.00158651 7.82458 -0.00938188 0.0145287 0.99985 1.07311
0.463248 -0.886077 0.016416 4.8978 0.886118 0.463403 0.00722284 8.45646 -0.0140072 0.0112005 0.999839 1.06656
0.464241 -0.885567 0.0158418 5.40711 0.885516 0.464439 0.0125635 9.47321 -0.0184833 0.00819565 0.999796 1.0499
0.465249 -0.885059 0.0146205 5.75106 0.884932 0.465446 0.0159981 10.1787 -0.0209643 0.00549507 0.999765 1.03557
0.466614 -0.884402 0.0102088 6.27357 0.884264 0.466722 0.0157418 11.2285 -0.0186868 0.00168197 0.999824 1.01478
0.467347 -0.88406 0.00495674 6.60658 0.883945 0.467367 0.0144942 11.9213 -0.0151304 -0.00239235 0.999883 1.00376
0.468412 -0.883509 -0.00153611 7.1433 0.883473 0.468376 0.00998621 12.9989 -0.00810342 -0.00603478 0.999949 0.998208
0.469044 -0.883169 -0.00312719 7.47594 0.883145 0.468996 0.00989585 13.6727 -0.00727307 -0.00740336 0.999946 1.00277
0.469232 -0.883073 -0.00180723 8.04162 0.883023 0.469181 0.0118434 14.7782 -0.00961069 -0.00715313 0.999928 1.00779
0.468661 -0.883378 -4.673e-05 8.46802 0.883286 0.468611 0.0144481 15.6239 -0.0127412 -0.00681252 0.999896 1.01066
0.467867 -0.88379 0.00390534 8.90536 0.883708 0.467878 0.0122513 16.4748 -0.0126548 -0.00228079 0.999917 1.00935
0.466999 -0.884243 0.00517396 9.27889 0.884199 0.467027 0.00878634 17.1993 -0.0101856 0.000471596 0.999948 1.00624
0.465273 -0.885164 0.00226608 9.84476 0.88516 0.465278 0.00284161 18.2784 -0.00356965 0.000683719 0.999993 1.01105
0.464162 -0.88575 0.000431422 10.2084 0.88575 0.464162 0.000884653 18.9817 -0.000983829 -2.8491e-05 1 1.02104
0.462315 -0.886714 -0.00152949 10.8236 0.886715 0.462316 -0.000307548 20.1605 0.000979819 -0.00121404 0.999999 1.04074
0.461368 -0.887202 -0.0034041 11.2196 0.887209 0.461363 0.00201669 20.929 -0.00021869 -0.00395058 0.999992 1.0555
0.460183 -0.88781 -0.00494019 11.7011 0.887823 0.46017 0.00362474 21.8671 -0.000944752 -0.00605405 0.999981 1.068
0.459672 -0.888076 -0.00480535 12.0413 0.888085 0.459649 0.00517666 22.5339 -0.00238849 -0.00664713 0.999975 1.07357
0.459122 -0.888364 -0.00403675 12.5943 0.88836 0.459086 0.00749229 23.6104 -0.00480267 -0.00702596 0.999964 1.08067
0.458842 -0.888485 -0.00758866 13.0336 0.888493 0.458749 0.0113965 24.4732 -0.00664432 -0.0119717 0.999906 1.08312
0.458937 -0.888417 -0.00963805 13.4187 0.888438 0.458802 0.0133727 25.2325 -0.00745854 -0.0147 0.999864 1.08096
0.458624 -0.888555 -0.0115311 13.9628 0.888616 0.458504 0.0116546 26.2936 -0.00506867 -0.0155918 0.999866 1.07813
0.458623 -0.888495 -0.0155546 14.4386 0.88863 0.458523 0.00965625 27.2239 -0.00144739 -0.0182508 0.999832 1.07932
0.458672 -0.888444 -0.0169336 14.7809 0.888605 0.458569 0.00975993 27.897 -0.000905905 -0.0195239 0.999809 1.08046
0.456366 -0.889638 -0.0165359 15.8225 0.889791 0.456257 0.0100859 29.9382 -0.00142816 -0.0193164 0.999812 1.08245
0.45653 -0.889527 -0.0179413 16.1252 0.889707 0.456406 0.0107212 30.5332 -0.00134828 -0.0208571 0.999782 1.07794
0.455971 -0.889681 -0.0236091 16.6456 0.889986 0.455925 0.00762562 31.5608 0.00397962 -0.0244888 0.999692 1.08079
0.455603 -0.88979 -0.0264589 17.1079 0.890155 0.455623 0.00561013 32.4754 0.00706343 -0.0261085 0.999634 1.09044
0.455901 -0.889649 -0.0260522 17.4564 0.890017 0.455859 0.00787013 33.1612 0.00487445 -0.0267749 0.99963 1.09805
0.45588 -0.889759 -0.0224092 18.0132 0.890041 0.455745 0.011087 34.2477 0.000348101 -0.0249995 0.999687 1.10596
0.455956 -0.889761 -0.0207455 18.4386 0.890001 0.45579 0.0123866 35.0798 -0.00156552 -0.0241113 0.999708 1.10624
0.456305 -0.889624 -0.0188189 18.8279 0.889821 0.456152 0.0120061 35.8415 -0.00209664 -0.0222238 0.999751 1.10161
0.456279 -0.889681 -0.0166602 19.2956 0.889836 0.456174 0.00984398 36.7543 -0.00115802 -0.0193165 0.999813 1.09932
0.455962 -0.889867 -0.0153266 19.7239 0.889997 0.455859 0.00990056 37.5891 -0.00182344 -0.0181549 0.999834 1.09902
0.455476 -0.890164 -0.0122548 20.1873 0.890234 0.455347 0.011968 38.5004 -0.00507333 -0.0163608 0.999853 1.09797
0.455127 -0.890392 -0.00786892 20.6461 0.890368 0.454978 0.0154984 39.4014 -0.0102194 -0.01406 0.999849 1.09505
0.455347 -0.890284 -0.00736306 21.0261 0.890211 0.455152 0.0190263 40.1515 -0.0135875 -0.0152182 0.999792 1.08694
0.455461 -0.890211 -0.00893521 21.4125 0.890145 0.455224 0.0203103 40.9258 -0.014013 -0.0172042 0.999754 1.0707
0.454239 -0.890746 -0.0154342 21.9293 0.890858 0.454041 0.0147638 41.9519 -0.00614305 -0.020456 0.999772 1.05723
0.453597 -0.890974 -0.0203708 22.3272 0.891207 0.453488 0.00992592 42.7492 0.000394172 -0.022657 0.999743 1.05647
0.453134 -0.891073 -0.0256688 22.7218 0.891441 0.453 0.0111318 43.5441 0.00170872 -0.0279264 0.999609 1.06169
0.453218 -0.890975 -0.0275075 23.0664 0.891399 0.452964 0.0152156 44.2461 -0.00109676 -0.0314162 0.999506 1.06775
0.45131 -0.891771 -0.032613 23.9828 0.89236 0.450859 0.020483 46.0837 -0.00356228 -0.0383467 0.999258 1.0663
0.45083 -0.891952 -0.0342606 24.3098 0.892599 0.450301 0.0222841 46.7581 -0.00444872 -0.0406273 0.999165 1.06732
0.449903 -0.892347 -0.0361178 24.7013 0.893059 0.449265 0.0246257 47.5618 -0.00574821 -0.0433345 0.999044 1.06699
0.449817 -0.892381 -0.0363447 24.9744 0.89309 0.449091 0.0266023 48.128 -0.00741736 -0.0444253 0.998985 1.0652
0.448728 -0.892905 -0.0369168 25.41 0.893629 0.447941 0.0278434 49.0151 -0.00832493 -0.0454841 0.99893 1.06191
0.448216 -0.893111 -0.0381532 25.7505 0.893866 0.447288 0.0306121 49.7174 -0.0102745 -0.0478247 0.998803 1.06011
0.447736 -0.893304 -0.0392427 26.1169 0.894053 0.446551 0.0355215 50.4729 -0.0142076 -0.0509893 0.998598 1.05647
0.447504 -0.893377 -0.0402299 26.4157 0.894119 0.446112 0.0391744 51.0942 -0.0170504 -0.0535011 0.998422 1.05132
0.446951 -0.89348 -0.0439236 26.7193 0.894408 0.445435 0.0402722 51.7296 -0.0164173 -0.0572853 0.998223 1.04226
0.445974 -0.893609 -0.0507018 27.0782 0.894989 0.444593 0.0364908 52.4836 -0.0100668 -0.0616515 0.998047 1.03432
0.444895 -0.893867 -0.0554155 27.3993 0.895579 0.443861 0.030428 53.1715 -0.00260182 -0.0631662 0.998 1.03381
0.444795 -0.893732 -0.0583173 27.6413 0.895632 0.44386 0.0288236 53.7016 0.000124185 -0.0650515 0.997882 1.04104
0.444832 -0.893563 -0.0605711 27.9938 0.895613 0.443708 0.0316384 54.4437 -0.00139503 -0.068322 0.997662 1.053
0.445099 -0.893398 -0.0610501 28.2178 0.895467 0.443676 0.0359102 54.9316 -0.00499557 -0.070652 0.997488 1.06354
0.444201 -0.893826 -0.0613197 28.5562 0.895915 0.442807 0.0354645 55.6392 -0.00454638 -0.0706906 0.997488 1.06731
0.443916 -0.894129 -0.0589253 28.8113 0.896068 0.442895 0.0301006 56.1729 -0.000816072 -0.0661632 0.997808 1.07194
0.444418 -0.893987 -0.0572619 29.0205 0.895815 0.443698 0.0254415 56.6178 0.0026626 -0.0626028 0.998035 1.07569
0.4468 -0.89273 -0.0583364 29.3303 0.894615 0.446269 0.0225573 57.2625 0.00589615 -0.0622673 0.998042 1.08701
0.454746 -0.888428 -0.0624656 29.8265 0.89062 0.453743 0.0302157 58.2791 0.00149884 -0.0693735 0.99759 1.10143
0.458476 -0.886739 -0.0591092 30.0114 0.888704 0.457289 0.0330501 58.6521 -0.00227682 -0.0676833 0.997704 1.11383
0.466622 -0.882895 -0.0525317 30.3157 0.884423 0.465259 0.0364788 59.2494 -0.00776617 -0.0634821 0.997953 1.12313
0.475132 -0.878303 -0.0532248 30.5395 0.87987 0.473632 0.038748 59.6952 -0.00882359 -0.0652413 0.997831 1.12392
0.478514 -0.876284 -0.056128 30.7843 0.878035 0.476862 0.0407241 60.1217 -0.00892058 -0.0687694 0.997593 1.12258
0.488584 -0.870424 -0.0603924 31.0403 0.872472 0.48668 0.0439929 60.5808 -0.00890069 -0.0741849 0.997205 1.12048
0.498894 -0.864579 -0.0600627 31.2312 0.866618 0.496957 0.0448092 60.896 -0.00889257 -0.0744064 0.997188 1.12394
0.521244 -0.851574 -0.055912 31.5289 0.853372 0.519501 0.0433086 61.3659 -0.00783409 -0.0702881 0.997496 1.13159
0.539008 -0.840729 -0.051435 31.75 0.842265 0.537417 0.0421064 61.6779 -0.00775805 -0.0660176 0.997788 1.13995
0.56639 -0.822805 -0.0468474 32.0458 0.824103 0.564928 0.0413626 62.0897 -0.00756796 -0.0620345 0.998045 1.14721
0.590939 -0.8056 -0.0424209 32.3011 0.806683 0.589619 0.0401469 62.4094 -0.00733012 -0.0579446 0.998293 1.14974
0.628597 -0.776784 -0.0383763 32.6463 0.777713 0.62748 0.037823 62.8291 -0.00529989 -0.0536212 0.998547 1.14677
0.654411 -0.755376 -0.0339707 32.8895 0.756125 0.653463 0.0354987 63.0818 -0.00461623 -0.0489169 0.998792 1.1416
0.697574 -0.715827 -0.0313359 33.2615 0.716511 0.696806 0.0327811 63.4682 -0.00163057 -0.0453198 0.998971 1.1359
0.730197 -0.68264 -0.028541 33.5418 0.683235 0.729639 0.0285697 63.7015 0.00132182 -0.0403618 0.999184 1.13574
0.774237 -0.632349 -0.0263087 33.9085 0.63287 0.773911 0.0231755 63.9828 0.00570563 -0.0345933 0.999385 1.1358
0.810765 -0.584902 -0.0234589 34.2309 0.585317 0.810589 0.0186917 64.1866 0.00808273 -0.0288854 0.99955 1.13314
0.880802 -0.473016 -0.0210546 34.9144 0.473295 0.880837 0.010893 64.5694 0.0133931 -0.0195596 0.999719 1.12549
0.904805 -0.42548 -0.0171751 35.1988 0.425631 0.904876 0.00616314 64.6526 0.012919 -0.0128867 0.999834 1.12445
0.936114 -0.351457 -0.0129751 35.6249 0.351506 0.936184 0.00162062 64.7671 0.0115775 -0.00607793 0.999915 1.12429
0.955191 -0.295878 -0.00815424 35.945 0.295882 0.955224 -0.00070165 64.8088 0.00799673 -0.00174249 0.999967 1.11911
0.976186 -0.2169 -0.00396015 36.3901 0.216892 0.976193 -0.00235723 64.8556 0.00437715 0.00144217 0.999989 1.10879
0.987 -0.160721 -0.000840103 36.7046 0.160714 0.986984 -0.005723 64.8465 0.00174898 0.00551358 0.999983 1.09348
0.996046 -0.0888339 0.000409788 37.1249 0.0888333 0.995991 -0.0105492 64.8491 0.000528986 0.0105439 0.999944 1.081
0.999354 -0.0358939 0.00191195 37.4683 0.0359132 0.999292 -0.0111685 64.8448 -0.00150971 0.0112299 0.999936 1.07026
0.999622 0.027368 0.00264773 37.9122 -0.0273507 0.999606 -0.00637465 64.8444 -0.00282115 0.00629982 0.999976 1.05755
0.997534 0.0700768 0.00399129 38.2583 -0.0700733 0.997541 -0.000992676 64.8561 -0.00405103 0.000710545 0.999992 1.04104
0.992273 0.123997 0.00437322 38.721 -0.124006 0.992279 0.00199163 64.8577 -0.0040925 -0.00251855 0.999988 1.00627
0.98748 0.157596 0.00688385 39.0669 -0.157591 0.987504 -0.00125056 64.8654 -0.00699491 0.000150065 0.999976 0.961448
0.980116 0.198198 0.00953409 39.5139 -0.198121 0.980141 -0.00845211 64.8325 -0.0110199 0.00639515 0.999919 0.915293
0.972575 0.232386 0.00972277 39.9301 -0.232304 0.972603 -0.00888207 64.7714 -0.0115205 0.00637985 0.999913 0.868479
0.966319 0.257204 0.00856436 40.2561 -0.257175 0.966355 -0.00436374 64.7007 -0.00939858 0.00201423 0.999954 0.830009
0.955995 0.2933 0.00700714 40.7124 -0.293335 0.955999 0.00461795 64.5679 -0.00534437 -0.00647018 0.999965 0.798147
0.946171 0.323626 0.00526995 41.1085 -0.323654 0.946156 0.00599781 64.4192 -0.00304515 -0.00738059 0.999968 0.770207
0.938729 0.344628 0.00445848 41.3959 -0.344643 0.938728 0.003346 64.2926 -0.00303217 -0.00467757 0.999984 0.744937
0.928399 0.371581 -0.00172369 41.824 -0.371584 0.928398 -0.00177398 64.1021 0.000941098 0.00228746 0.999997 0.707187
0.920282 0.391165 -0.00840221 42.1816 -0.39121 0.920289 -0.00467516 63.9303 0.00590371 0.0075895 0.999954 0.671999
0.910235 0.413888 -0.012984 42.6308 -0.413971 0.910279 -0.00448792 63.6985 0.00996156 0.00946007 0.999906 0.655715
0.902149 0.431297 -0.0105098 42.9839 -0.431365 0.902162 -0.00530809 63.4878 0.00719219 0.00932226 0.999931 0.673294
0.890645 0.45465 -0.00669899 43.5198 -0.454691 0.89062 -0.00723802 63.168 0.00267549 0.00949247 0.999951 0.70204
0.883276 0.468818 -0.00576317 43.8333 -0.468853 0.883221 -0.00987713 62.9569 0.000459574 0.0114263 0.999935 0.725433
0.876309 0.481708 -0.00632842 44.2035 -0.481747 0.876194 -0.0142568 62.7094 -0.0013227 0.0155421 0.999878 0.742919
0.869018 0.494696 -0.00913273 44.7097 -0.494779 0.868822 -0.0184936 62.3993 -0.00121398 0.0205899 0.999787 0.751028
0.863722 0.503835 -0.0115903 45.1954 -0.503968 0.863475 -0.020692 62.1076 -0.000417365 0.0237133 0.999719 0.752441
0.85976 0.51051 -0.0138763 45.6847 -0.510698 0.859477 -0.0220652 61.8076 0.00066185 0.0260573 0.99966 0.751874
0.857274 0.514655 -0.0145476 46.0463 -0.51486 0.856956 -0.0233593 61.5826 0.000444688 0.0275153 0.999621 0.744557
0.853392 0.521015 -0.0162758 46.6419 -0.521266 0.853078 -0.0232371 61.2188 0.00177759 0.0283144 0.999597 0.736856
0.851259 0.524499 -0.0160875 47.0673 -0.524744 0.850916 -0.0241835 60.9618 0.00100491 0.0290282 0.999578 0.725998
0.849193 0.527824 -0.0165086 47.6755 -0.528082 0.848816 -0.025332 60.5991 0.000641974 0.0302296 0.999543 0.713477
0.846122 0.53274 -0.0162952 48.8556 -0.532989 0.84573 -0.0257505 59.8945 6.3017e-05 0.0304732 0.999536 0.699429
0.845879 0.533147 -0.0155975 49.3081 -0.533374 0.845456 -0.026789 59.6382 -0.00109548 0.0309796 0.999519 0.686156
0.846186 0.532612 -0.0171073 50.0061 -0.532886 0.845697 -0.02879 59.228 -0.000866294 0.033478 0.999439 0.676025
0.847424 0.5306 -0.0183147 50.6446 -0.530916 0.846916 -0.0293383 58.8574 -5.59129e-05 0.0345856 0.999402 0.666569
0.849346 0.5275 -0.0188424 51.2444 -0.527836 0.848843 -0.0292343 58.5145 0.000573123 0.0347758 0.999395 0.656569
0.851858 0.523427 -0.0190071 51.9179 -0.523771 0.851378 -0.0286351 58.1318 0.00119383 0.0343484 0.999409 0.646323
0.853708 0.520475 -0.0169567 52.4219 -0.520751 0.853233 -0.0284815 57.8577 -0.00035592 0.0331451 0.999451 0.633084
0.856687 0.515615 -0.0151016 53.2818 -0.515835 0.856241 -0.0276627 57.3742 -0.00133263 0.0314882 0.999503 0.623077
0.858439 0.512787 -0.0115353 53.7922 -0.512905 0.858054 -0.0259273 57.1074 -0.00339724 0.0281735 0.999597 0.608688
0.861491 0.507712 -0.0077938 54.7047 -0.507752 0.861219 -0.0221526 56.61 -0.004535 0.0230416 0.999724 0.594861
0.863773 0.503845 -0.00594998 55.3857 -0.503866 0.863597 -0.0178673 56.2543 -0.00386398 0.0184313 0.999823 0.579951
0.865945 0.500101 -0.00615731 56.1384 -0.500138 0.865864 -0.011854 55.8598 -0.000596795 0.0133444 0.999911 0.564039
0.867075 0.498134 -0.00657671 56.7719 -0.498164 0.867073 -0.00407535 55.5345 0.00367242 0.00680992 0.99997 0.550309
0.867505 0.497378 -0.00710292 57.5415 -0.49737 0.867533 0.00301121 55.1322 0.00765973 0.000920543 0.99997 0.54431
0.867747 0.496985 -0.00457945 58.1922 -0.496944 0.867747 0.00786952 54.8051 0.00788484 -0.00455302 0.999959 0.542959
0.867794 0.496924 1.95578e-05 58.8472 -0.496895 0.867743 0.0108411 54.4749 0.00537026 -0.0094176 0.999941 0.543861
0.86791 0.49671 0.0033223 59.7603 -0.496707 0.867816 0.0133255 53.9938 0.00373575 -0.0132155 0.999906 0.547284
0.867972 0.496568 0.00678462 60.3188 -0.496611 0.867838 0.0152959 53.7135 0.00170748 -0.0166457 0.99986 0.542843
0.868065 0.496333 0.0107845 62.0068 -0.496445 0.867747 0.0235985 52.8122 0.0023545 -0.025839 0.999663 0.540691
0.867786 0.49675 0.0136455 62.5074 -0.496934 0.867345 0.0277532 52.5801 0.00195106 -0.0308647 0.999522 0.532412
0.866552 0.498814 0.0164975 63.4241 -0.499079 0.865876 0.0343322 52.1089 0.00284064 -0.0379842 0.999274 0.53053
0.864817 0.501673 0.0203904 64.1205 -0.502083 0.863929 0.0392408 51.762 0.00207017 -0.0441737 0.999022 0.528225
0.862458 0.505503 0.0251702 64.8209 -0.506129 0.861378 0.0431504 51.412 0.000131611 -0.0499548 0.998752 0.527371
0.859911 0.50956 0.0300279 65.4175 -0.510438 0.858684 0.0459906 51.115 -0.00234953 -0.0548752 0.99849 0.523327
0.855017 0.51751 0.0336125 66.3509 -0.518594 0.853527 0.0505127 50.6124 -0.00254837 -0.0606204 0.998158 0.517061
0.850729 0.524445 0.0348876 67.0272 -0.525603 0.848977 0.0545763 50.2533 -0.000996504 -0.0647667 0.9979 0.511634
0.847025 0.530309 0.0363488 67.5465 -0.531553 0.845114 0.0568746 49.9785 -0.000557734 -0.0674955 0.997719 0.504669
0.840299 0.540817 0.0376128 68.3832 -0.542123 0.838208 0.0592417 49.4939 0.000511544 -0.0701715 0.997535 0.502792
0.835576 0.547892 0.0403429 68.9369 -0.549375 0.833384 0.0604841 49.1759 -0.000482421 -0.0727024 0.997354 0.498613
0.827827 0.559367 0.042559 69.7684 -0.560984 0.825498 0.0620487 48.6591 -0.00042443 -0.0752405 0.997165 0.495003
0.822984 0.566338 0.0442479 70.2937 -0.568063 0.820583 0.0628283 48.3345 -0.000727059 -0.0768423 0.997043 0.488764
0.81541 0.577107 0.0453359 71.0656 -0.578884 0.812822 0.0649106 47.8274 0.000610268 -0.079173 0.996861 0.485695
0.808688 0.586442 0.0459264 71.7492 -0.588232 0.805875 0.067444 47.3682 0.00254107 -0.0815566 0.996665 0.484806
0.803943 0.592854 0.0468951 72.2581 -0.594696 0.800973 0.0691318 47.0292 0.00342337 -0.0834664 0.996505 0.48287
0.796252 0.603118 0.047239 73.0442 -0.604938 0.793054 0.0715199 46.481 0.00567181 -0.0855246 0.99632 0.484995
0.791846 0.608781 0.0486352 73.5215 -0.610691 0.788518 0.0727725 46.1565 0.00595279 -0.0873257 0.996162 0.483335
0.784594 0.617992 0.0499736 74.2391 -0.619968 0.781052 0.0748227 45.6357 0.0072079 -0.0896874 0.995944 0.486191
0.77997 0.623703 0.0513946 74.7362 -0.625778 0.776377 0.0751062 45.274 0.00694237 -0.0907422 0.99585 0.486532
0.77351 0.631572 0.0529108 75.4385 -0.633751 0.769914 0.07478 44.7362 0.00649216 -0.0913753 0.995795 0.489961
0.768985 0.636944 0.0544537 76.0402 -0.639247 0.765496 0.0733391 44.2742 0.0050288 -0.091206 0.995819 0.491025
0.766182 0.640166 0.0561508 76.5352 -0.642617 0.762869 0.0712308 43.8948 0.00276377 -0.0906592 0.995878 0.486472
0.763821 0.642813 0.0580499 77.0756 -0.645428 0.760633 0.0697095 43.4737 0.000655437 -0.0907126 0.995877 0.478886
0.761722 0.645119 0.0600039 77.6996 -0.647904 0.758536 0.0695993 42.9829 -0.000615271 -0.0918921 0.995769 0.471738
0.760747 0.646111 0.0616794 78.2081 -0.649047 0.757484 0.0703924 42.5802 -0.0012399 -0.0935837 0.995611 0.464429
0.760633 0.646209 0.0620582 78.7506 -0.649182 0.757254 0.0716163 42.1513 -0.00071479 -0.0947608 0.9955 0.457769
0.761839 0.644789 0.0620468 79.2296 -0.647767 0.758343 0.0728968 41.7732 -4.97326e-05 -0.0957275 0.995408 0.454428
0.764475 0.641613 0.062542 79.7408 -0.644654 0.760829 0.0745655 41.3758 0.000258381 -0.0973214 0.995253 0.451356
0.768374 0.636779 0.0641466 80.1993 -0.640001 0.76453 0.0767561 41.0311 -0.000165377 -0.100031 0.994984 0.449744
0.772455 0.631623 0.0660737 80.5483 -0.635068 0.768486 0.0782127 40.7856 -0.00137582 -0.102377 0.994745 0.450701
0.781305 0.620453 0.0678317 81.0888 -0.624141 0.777218 0.0798766 40.38 -0.00316042 -0.104745 0.994494 0.455148
0.788279 0.611432 0.0690502 81.4432 -0.615304 0.784045 0.0816984 40.1347 -0.00418549 -0.106888 0.994262 0.46418
0.804666 0.589862 0.0676457 81.9728 -0.593712 0.800246 0.0843385 39.773 -0.00438515 -0.108026 0.994138 0.474842
0.822318 0.565243 0.0655232 82.428 -0.569012 0.817684 0.0872806 39.4952 -0.00424251 -0.109056 0.994027 0.48612
0.835875 0.545076 0.0648475 82.7484 -0.548889 0.831217 0.0883108 39.3232 -0.00576621 -0.109411 0.99398 0.497009
0.85898 0.507977 0.0641229 83.3107 -0.51192 0.854404 0.0890604 39.045 -0.00954617 -0.109327 0.99396 0.505397
0.875349 0.479109 0.0649471 83.6814 -0.483275 0.871045 0.0878918 38.8878 -0.0144621 -0.108323 0.994011 0.515795
0.900955 0.428693 0.0671026 84.2838 -0.433268 0.897222 0.0852736 38.6666 -0.0236498 -0.105901 0.994095 0.525431
0.922127 0.380653 0.0691752 84.7823 -0.385546 0.918998 0.0824459 38.5135 -0.0321886 -0.102696 0.994192 0.534129
0.935733 0.345731 0.0698168 85.1071 -0.350726 0.933025 0.0803538 38.4298 -0.03736 -0.0996762 0.994318 0.54477
0.957284 0.280305 0.0709728 85.7136 -0.285544 0.95507 0.0794078 38.315 -0.0455256 -0.0962817 0.994312 0.549156
0.971979 0.224802 0.0687019 86.1812 -0.229837 0.970165 0.0771661 38.2562 -0.0493051 -0.0907941 0.994648 0.553512
0.982287 0.175747 0.0650069 86.5697 -0.180337 0.98088 0.0731603 38.2324 -0.0509063 -0.0835875 0.995199 0.553889
0.993947 0.093927 0.0569893 87.1818 -0.097688 0.992942 0.0672527 38.2304 -0.0502703 -0.0724128 0.996107 0.547375
0.997923 0.0409112 0.0497631 87.5468 -0.0439601 0.99712 0.0618035 38.2541 -0.0470913 -0.0638627 0.996847 0.551168
0.998025 -0.0489651 0.0393565 88.1583 0.046726 0.997341 0.0559296 38.3328 -0.0419904 -0.0539801 0.997659 0.549218
0.992552 -0.117645 0.0316112 88.6072 0.115941 0.991935 0.0512069 38.4203 -0.0373805 -0.0471605 0.998188 0.558112
0.98231 -0.185574 0.0250789 89.0526 0.184327 0.981822 0.0452585 38.5383 -0.0330218 -0.0398352 0.998661 0.566846
0.965883 -0.258148 0.0207284 89.5314 0.257255 0.965595 0.0380427 38.6988 -0.0298359 -0.0314123 0.999061 0.576403
0.944274 -0.328525 0.020446 89.9948 0.327808 0.944203 0.0319771 38.8885 -0.0298104 -0.0234928 0.999279 0.590685
0.922512 -0.385329 0.0222031 90.3688 0.384694 0.922615 0.0281506 39.0703 -0.0313321 -0.0174279 0.999357 0.605787
0.889499 -0.456258 0.0249112 90.8505 0.455687 0.889776 0.0254622 39.3465 -0.0337827 -0.0112969 0.999365 0.623794
0.861916 -0.506357 0.0265143 91.2023 0.505868 0.862299 0.0231815 39.5784 -0.0346014 -0.00656774 0.99938 0.643628
0.830406 -0.556469 0.0276981 91.576 0.556028 0.830862 0.0223834 39.8584 -0.035469 -0.00318641 0.999366 0.667805
0.796862 -0.603588 0.0263132 91.9679 0.60323 0.797296 0.0207795 40.1732 -0.0335216 -0.000685463 0.999438 0.692802
0.774045 -0.632687 0.0237023 92.2434 0.632389 0.774408 0.0194146 40.404 -0.0306386 -3.86629e-05 0.999531 0.715364
0.740367 -0.671983 0.0171819 92.695 0.67176 0.740565 0.0173494 40.8175 -0.0243829 -0.00130281 0.999702 0.736096
0.71778 -0.696169 0.0118473 93.0222 0.696046 0.717877 0.0131089 41.1311 -0.0176309 -0.00116308 0.999844 0.754035
0.702777 -0.71132 0.0112863 93.2863 0.711291 0.702861 0.00715276 41.3899 -0.0130206 0.00300103 0.999911 0.767457
0.685165 -0.728271 0.0130955 93.7097 0.728345 0.685208 -0.00147965 41.826 -0.00789557 0.0105519 0.999913 0.797805
0.675601 -0.737182 0.0112563 94.0356 0.737262 0.675579 -0.00625058 42.1548 -0.00299669 0.0125217 0.999917 0.832237
0.669823 -0.742482 0.00754859 94.3065 0.742521 0.669788 -0.00680165 42.4515 -5.85057e-06 0.0101609 0.999948 0.852778
0.663114 -0.748518 -0.000112532 94.735 0.748507 0.663105 -0.00544735 42.9096 0.00415206 0.00352798 0.999985 0.8712
0.660497 -0.750782 -0.00837569 95.1028 0.750759 0.660546 -0.0062857 43.3057 0.0102517 -0.00213644 0.999945 0.892271
0.660244 -0.750963 -0.0114581 95.3682 0.750933 0.660334 -0.00768485 43.5849 0.0133372 -0.00353039 0.999905 0.917199
0.661819 -0.74953 -0.0141367 95.8385 0.749421 0.661967 -0.0129769 44.0928 0.0190846 -0.00200603 0.999816 0.953116
0.664153 -0.747446 -0.0150318 96.1086 0.747229 0.664323 -0.0180125 44.3762 0.0234493 0.00073087 0.999725 0.973263
0.668356 -0.743632 -0.017651 96.5786 0.743164 0.668572 -0.0267958 44.8768 0.0317272 0.00479155 0.999485 1.00369
0.671682 -0.740587 -0.0193214 96.9299 0.740106 0.671949 -0.0269602 45.239 0.0329494 0.00380887 0.99945 1.03018
0.676266 -0.736394 -0.0196975 97.3671 0.736057 0.676553 -0.0222793 45.6875 0.0297327 0.000568276 0.999558 1.05891
0.680008 -0.733026 -0.0161539 97.7392 0.732792 0.6802 -0.0185448 46.0579 0.0245818 0.000773167 0.999698 1.08018
0.684397 -0.729067 -0.00783982 98.2853 0.728911 0.684422 -0.0159994 46.6128 0.0170304 0.0052354 0.999841 1.10264
0.686623 -0.727011 -0.00181603 98.6213 0.726931 0.68658 -0.0133928 46.9447 0.0109835 0.00787565 0.999909 1.10584
0.689613 -0.724166 0.00426921 99.1231 0.724152 0.689525 -0.012606 47.4441 0.00618511 0.0117848 0.999911 1.10614
0.691275 -0.722547 0.00808344 99.687 0.722548 0.691067 -0.0187092 48.005 0.00793206 0.0187739 0.999792 1.10927
0.691496 -0.722314 0.0098041 100.009 0.722323 0.691207 -0.0219437 48.3098 0.00907355 0.0222557 0.999711 1.10618
0.691349 -0.722492 0.00642955 100.579 0.72232 0.690921 -0.0297002 48.8729 0.0170158 0.0251774 0.999538 1.1132
0.690604 -0.723219 0.00450276 100.989 0.722963 0.690163 -0.0316047 49.272 0.0197495 0.0250817 0.99949 1.11813
0.688907 -0.724823 0.00617334 101.495 0.724615 0.688442 -0.0313202 49.7782 0.0184516 0.02605 0.99949 1.12616
0.687044 -0.72648 0.0140602 102.129 0.726543 0.686571 -0.0274849 50.4196 0.010314 0.0290987 0.999523 1.13492
0.68558 -0.727706 0.0206146 102.584 0.727995 0.685221 -0.0222507 50.8713 0.00206638 0.0302619 0.99954 1.13546
0.684284 -0.728861 0.0227636 103.04 0.729214 0.684029 -0.0187466 51.3299 -0.00190735 0.0294275 0.999565 1.12637
0.682801 -0.730394 0.017518 103.692 0.730603 0.682554 -0.0184202 52.0032 0.00149705 0.0253761 0.999677 1.12354
0.68144 -0.73172 0.0150096 104.09 0.731861 0.681158 -0.0200926 52.4119 0.00447829 0.0246768 0.999685 1.12225
0.678209 -0.734761 0.0126084 104.723 0.734807 0.677829 -0.0246385 53.0797 0.00955709 0.0259747 0.999617 1.12713
0.676182 -0.73658 0.015097 105.174 0.736684 0.67575 -0.0256672 53.5423 0.00870416 0.0284774 0.999557 1.13083
0.672651 -0.739667 0.0208288 105.891 0.739934 0.672122 -0.0273804 54.2944 0.0062529 0.0338294 0.999408 1.13974
0.66981 -0.741973 0.0288142 106.955 0.742532 0.669266 -0.0270131 55.4272 0.000758599 0.0394891 0.99922 1.1459
0.669469 -0.742053 0.0341712 107.41 0.742836 0.668906 -0.0275699 55.8903 -0.00239896 0.0438409 0.999036 1.14381
0.669168 -0.742092 0.0389017 108.088 0.743092 0.668607 -0.027909 56.6061 -0.00529892 0.0475834 0.998853 1.13978
0.66949 -0.74184 0.0381672 108.65 0.742801 0.668967 -0.0270136 57.1982 -0.00549282 0.046436 0.998906 1.13281
0.670262 -0.741393 0.03295 109.26 0.742121 0.669745 -0.0264283 57.8452 -0.00247433 0.0421668 0.999108 1.12937
0.671132 -0.740855 0.0267549 109.865 0.741338 0.670675 -0.0247635 58.4925 0.000402324 0.036454 0.999335 1.12962
0.672841 -0.739457 0.0220875 110.422 0.739787 0.672535 -0.0202732 59.0885 0.000136517 0.0299807 0.99955 1.13116
0.674835 -0.73765 0.0216892 110.894 0.737962 0.67466 -0.0156787 59.5858 -0.00306749 0.0265864 0.999642 1.12754
0.677592 -0.735141 0.0208776 111.626 0.735427 0.677462 -0.0138824 60.3691 -0.00393823 0.0247605 0.999686 1.12461
0.679233 -0.733625 0.020899 112.084 0.733916 0.679074 -0.0150066 60.8487 -0.00318278 0.0255311 0.999669 1.12149
0.681175 -0.731665 0.025837 112.841 0.732117 0.680868 -0.0205909 61.6461 -0.00252589 0.0329417 0.999454 1.12301
0.681801 -0.730874 0.0311547 113.418 0.731532 0.681345 -0.0250908 62.2422 -0.00288892 0.0398976 0.9992 1.12557
0.682618 -0.729929 0.0351489 113.893 0.730765 0.682072 -0.0275642 62.7254 -0.00385415 0.0445015 0.999002 1.1266
0.683865 -0.728705 0.0363053 114.652 0.729588 0.683373 -0.0265122 63.5109 -0.00549044 0.0446187 0.998989 1.12699
0.684793 -0.727755 0.0378241 115.285 0.728664 0.684538 -0.0213698 64.1584 -0.01034 0.042195 0.999056 1.12573
0.685345 -0.727142 0.0395962 115.708 0.728058 0.685321 -0.0162952 64.5857 -0.0152872 0.0399962 0.999083 1.12018
0.686528 -0.726127 0.0376803 116.46 0.726975 0.68646 -0.0167575 65.3598 -0.0136979 0.0388972 0.999149 1.1061
0.68878 -0.724105 0.0354271 116.917 0.72494 0.688375 -0.0245201 65.8183 -0.00663206 0.0425715 0.999071 1.09614
0.689226 -0.723664 0.0357394 118.253 0.724517 0.687913 -0.0430293 67.1765 0.00655312 0.0555507 0.998434 1.10664
0.690433 -0.721951 0.0457106 118.723 0.72337 0.689567 -0.0351083 67.6394 -0.00617405 0.0573057 0.998338 1.10971
0.689124 -0.721799 0.0641435 119.492 0.723966 0.689603 -0.0178802 68.4125 -0.0313277 0.0587594 0.997781 1.12155
0.689105 -0.721701 0.0654307 119.936 0.723873 0.689755 -0.0157068 68.8586 -0.0337955 0.0581872 0.997733 1.09847
0.689744 -0.722163 0.0522815 120.633 0.723822 0.689549 -0.0245769 69.5786 -0.0183021 0.0547942 0.99833 1.07442
0.689851 -0.722692 0.042684 121.189 0.723933 0.689055 -0.0335419 70.1481 -0.00517118 0.0540393 0.998525 1.06969
0.689407 -0.72315 0.0420897 121.749 0.724374 0.688278 -0.0394381 70.7219 -0.000449799 0.0576776 0.998335 1.07687
0.688242 -0.724097 0.0447972 122.262 0.725478 0.687116 -0.0394251 71.2466 -0.00223328 0.0596334 0.998218 1.08615
0.685601 -0.726585 0.0450093 122.974 0.727977 0.684402 -0.0405429 71.9931 -0.00134654 0.060562 0.998164 1.09398
0.68263 -0.729449 0.043818 123.512 0.730764 0.681315 -0.0423573 72.5641 0.00104362 0.060935 0.998141 1.10399
0.680472 -0.731537 0.0425641 123.955 0.732774 0.679268 -0.0404626 73.0369 0.00068747 0.0587235 0.998274 1.10917
0.678051 -0.734116 0.0363421 124.64 0.735013 0.677105 -0.0358474 73.7811 0.00170872 0.0510183 0.998696 1.11791
0.676792 -0.735343 0.0349847 125.122 0.736174 0.676025 -0.0322129 74.3077 3.69996e-05 0.0475563 0.998869 1.12467
0.675228 -0.736657 0.037472 125.754 0.737596 0.67465 -0.0282884 74.9977 -0.00444162 0.0467403 0.998897 1.12873
0.674334 -0.737351 0.0398453 126.281 0.738399 0.673792 -0.0277718 75.5673 -0.00636986 0.0481492 0.99882 1.12997
0.673367 -0.738192 0.0406204 126.71 0.739287 0.672749 -0.0293812 76.029 -0.00563836 0.0498145 0.998743 1.13061
0.670346 -0.740894 0.0413773 127.389 0.742048 0.669371 -0.0361584 76.7715 -0.000907281 0.0549426 0.998489 1.13616
0.665897 -0.744832 0.0424896 127.943 0.746039 0.664613 -0.0414123 77.3931 0.00260609 0.0592753 0.998238 1.14482
0.662478 -0.747765 0.0443952 128.304 0.749081 0.661304 -0.039424 77.8126 0.000121154 0.0593732 0.998236 1.15005
0.656163 -0.752896 0.0509583 128.959 0.754569 0.655398 -0.0328496 78.5663 -0.00866559 0.0600062 0.99816 1.14758
0.653049 -0.755162 0.0570827 129.366 0.75714 0.652664 -0.0277289 79.0313 -0.016316 0.0613279 0.997984 1.14108
0.648583 -0.758936 0.0579434 130.033 0.760792 0.648717 -0.019019 79.806 -0.0231547 0.0564183 0.998139 1.12588
0.645394 -0.762011 0.0529716 130.572 0.76361 0.645375 -0.0197459 80.4417 -0.01914 0.0531935 0.998401 1.11234
0.642788 -0.764477 0.0489766 130.92 0.76593 0.642481 -0.0238515 80.8574 -0.0132326 0.0528442 0.998515 1.10266
0.636791 -0.769778 0.0440451 131.56 0.771036 0.63584 -0.0347915 81.6345 -0.00122391 0.0561153 0.998424 1.1009
0.63336 -0.772614 0.0438427 131.941 0.773857 0.632317 -0.0363504 82.1127 0.000362366 0.0569509 0.998377 1.10587
0.627045 -0.777808 0.0427811 132.506 0.778979 0.62628 -0.0310615 82.8271 -0.00263308 0.0528025 0.998601 1.10436
0.621741 -0.782271 0.0385908 132.967 0.783213 0.621224 -0.0256488 83.4223 -0.00390925 0.0461717 0.998926 1.09962
0.613314 -0.789235 0.0308769 133.572 0.789837 0.612743 -0.0265281 84.2128 0.0020173 0.0406578 0.999171 1.09852
0.599468 -0.799876 0.0289321 134.567 0.800375 0.59878 -0.0293708 85.5429 0.00616905 0.0407634 0.99915 1.11062
0.594595 -0.803476 0.0297326 134.938 0.804025 0.594137 -0.0233442 86.0688 0.00109121 0.0377861 0.999285 1.11376
0.58599 -0.809754 0.0302424 135.545 0.810293 0.585859 -0.013954 86.922 -0.00641846 0.0326821 0.999445 1.11198
0.579602 -0.814302 0.0312068 135.998 0.814839 0.579602 -0.00997335 87.5719 -0.00996618 0.0312091 0.999463 1.10442
0.575434 -0.817233 0.0317114 136.369 0.817759 0.575511 -0.00754705 88.1055 -0.0120826 0.0302751 0.999469 1.09185
0.569887 -0.821132 0.031171 136.961 0.821646 0.569943 -0.00790467 88.9586 -0.0112749 0.0301163 0.999483 1.07695
0.567494 -0.822894 0.0282022 137.313 0.823334 0.567482 -0.0092001 89.4745 -0.00843354 0.0284408 0.99956 1.06666
0.563598 -0.82584 0.0185871 137.864 0.826049 0.563477 -0.0117277 90.2884 -0.000788254 0.0219636 0.999758 1.06156
0.56167 -0.827238 0.0142631 138.244 0.827356 0.56152 -0.0133413 90.8493 0.00302743 0.0192941 0.999809 1.06103
0.558397 -0.829458 0.0138531 138.802 0.829573 0.558297 -0.0106722 91.6793 0.00111798 0.0174514 0.999847 1.06607
0.55661 -0.830627 0.0156024 139.167 0.830753 0.556631 -0.00333893 92.2314 -0.0059114 0.0148202 0.999873 1.06538
0.553434 -0.832667 0.0193806 139.728 0.832716 0.553646 0.00769611 93.086 -0.0171383 0.0118792 0.999783 1.05385
0.549831 -0.835036 0.0200207 140.159 0.835086 0.550059 0.00813635 93.7462 -0.0178067 0.0122454 0.999766 1.03744
0.546916 -0.836903 0.0218183 140.52 0.837094 0.547059 0.000735704 94.2958 -0.0125516 0.0178616 0.999762 1.0179
0.540788 -0.840831 0.0234942 141.059 0.841158 0.540612 -0.0138344 95.1351 -0.00106886 0.0272439 0.999628 1.00897
0.53646 -0.843623 0.0226043 141.399 0.843925 0.536271 -0.0142365 95.6789 -0.000111754 0.0267137 0.999643 1.0099
0.528656 -0.848506 0.0236676 141.937 0.848824 0.528591 -0.00944765 96.5574 -0.00449408 0.0250842 0.999675 1.00753
0.522298 -0.852269 0.0290269 142.349 0.852719 0.522316 -0.00757858 97.2361 -0.00870221 0.02871 0.99955 1.00376
0.511488 -0.858233 0.0426187 143.211 0.859188 0.511564 -0.00994408 98.6733 -0.0132678 0.0417037 0.999042 0.984726
0.507828 -0.860338 0.0439274 143.535 0.861382 0.507802 -0.0125664 99.2299 -0.0114951 0.0442198 0.998956 0.9727
0.504567 -0.862292 0.0431707 144.092 0.863371 0.503838 -0.0271696 100.196 0.00167711 0.0509812 0.998698 0.9656
0.502387 -0.863321 0.0477991 144.454 0.864599 0.501034 -0.0378559 100.809 0.00873275 0.0603454 0.998139 0.965465
0.498319 -0.865417 0.0522593 144.786 0.866973 0.49698 -0.0370073 101.379 0.00605498 0.0637489 0.997948 0.97165
0.490668 -0.869767 0.0524455 145.313 0.871325 0.490196 -0.0223839 102.298 -0.00623981 0.0566801 0.998373 0.968509
0.485861 -0.872512 0.0516028 145.709 0.873879 0.486045 -0.00975658 103.01 -0.0165686 0.049835 0.99862 0.960833
0.482462 -0.874422 0.0511417 146.031 0.875719 0.482771 -0.0069526 103.607 -0.0186102 0.0481401 0.998667 0.940394
0.479523 -0.876316 0.0461313 146.527 0.877485 0.479362 -0.0152085 104.532 -0.00878618 0.0477723 0.99882 0.91804
0.477017 -0.878303 0.0322275 146.935 0.878889 0.476567 -0.0209402 105.307 0.00303329 0.0383132 0.999261 0.909888
0.474896 -0.879648 0.026338 147.306 0.88 0.474368 -0.0239809 106.018 0.00860086 0.0345659 0.999365 0.918296
0.472734 -0.880687 0.0302144 147.649 0.88118 0.472182 -0.0238058 106.671 0.00669873 0.0378781 0.99926 0.929011
0.471358 -0.881252 0.0348837 147.998 0.881942 0.470981 -0.0188597 107.334 0.000190583 0.0396551 0.999213 0.933222
0.471049 -0.881291 0.0379302 148.464 0.882064 0.471015 -0.0103676 108.218 -0.00872884 0.0383405 0.999227 0.926634
0.469842 -0.881923 0.0382076 148.88 0.88268 0.469912 -0.00768071 109.018 -0.0111804 0.0373338 0.99924 0.911501
0.468477 -0.882738 0.0360976 149.258 0.883455 0.468356 -0.0122754 109.744 -0.00607058 0.0376414 0.999273 0.895938
0.468528 -0.882688 0.0366571 149.669 0.883433 0.467867 -0.0254373 110.533 0.00530252 0.0443022 0.999004 0.894667
0.46704 -0.883217 0.0424386 150.054 0.88415 0.465787 -0.0363444 111.25 0.0123327 0.0544964 0.998438 0.906328
0.466246 -0.883461 0.0459481 150.377 0.884583 0.464917 -0.0369462 111.852 0.0112785 0.0578709 0.99826 0.921425
0.464734 -0.884148 0.0480001 150.87 0.88545 0.463998 -0.0261702 112.782 0.000866393 0.0546639 0.998504 0.931078
0.463465 -0.884753 0.0491216 151.177 0.886092 0.463139 -0.0185189 113.37 -0.00636549 0.0521092 0.998621 0.931207
0.462142 -0.885452 0.0489858 151.66 0.886783 0.461823 -0.0183191 114.318 -0.00640212 0.0519057 0.998631 0.925467
0.461812 -0.885754 0.0465737 151.944 0.886973 0.461348 -0.0209093 114.889 -0.00296622 0.0509658 0.998696 0.91555
0.461794 -0.886112 0.039389 152.428 0.886985 0.461245 -0.0225972 115.848 0.0018557 0.0453727 0.998968 0.923151
0.461309 -0.886486 0.0365628 152.825 0.887239 0.460943 -0.0183835 116.623 -0.000556628 0.0409204 0.999162 0.93093
0.460744 -0.886831 0.0352992 153.154 0.887524 0.460557 -0.0137213 117.268 -0.00408888 0.0376509 0.999283 0.931272
0.459828 -0.887488 0.0303891 153.912 0.887967 0.459866 -0.00612078 118.758 -0.0085428 0.029799 0.999519 0.923191
0.459475 -0.887707 0.0293063 154.264 0.888159 0.459489 -0.00665247 119.471 -0.00756047 0.0290853 0.999548 0.921988
0.459112 -0.887983 0.0265045 154.557 0.888364 0.45907 -0.00802262 120.071 -0.00504348 0.027229 0.999617 0.920162
0.458162 -0.888586 0.022398 155.002 0.888868 0.458054 -0.0100394 120.968 -0.00133862 0.0245085 0.999699 0.928274
0.457 -0.889191 0.0221419 155.304 0.889454 0.456983 -0.00611232 121.573 -0.00468348 0.0224876 0.999736 0.926385
0.456673 -0.889406 0.0201604 155.676 0.889625 0.456656 -0.00570239 122.306 -0.00413464 0.0205393 0.999781 0.926899
0.456827 -0.889383 0.0175355 156.04 0.889552 0.456791 -0.00619113 123.026 -0.00250376 0.018427 0.999827 0.934658
0.457458 -0.889117 0.0142458 156.396 0.889231 0.457399 -0.007374 123.736 4.03409e-05 0.0160411 0.999871 0.947854
0.458531 -0.888615 0.010621 156.747 0.888673 0.458454 -0.00895268 124.435 0.00308626 0.0135436 0.999904 0.954448
0.460077 -0.887856 0.00638735 157.09 0.887852 0.459995 -0.0110954 125.122 0.006913 0.0107758 0.999918 0.963574
0.462033 -0.886861 0.00183867 157.428 0.88679 0.461967 -0.0137813 125.791 0.0113727 0.00799791 0.999903 0.972119
0.464422 -0.885608 -0.00308465 157.76 0.88546 0.464404 -0.0170385 126.443 0.0165219 0.00518171 0.99985 0.984623
0.467288 -0.884063 -0.00861735 158.082 0.883825 0.467363 -0.0206375 127.08 0.0222722 0.0020274 0.99975 1.00187
0.470608 -0.882223 -0.0144989 158.399 0.881889 0.470829 -0.0243239 127.704 0.0282857 -0.00133939 0.999599 1.0212
0.474352 -0.880106 -0.0200948 158.716 0.879666 0.474757 -0.0281733 128.311 0.0343356 -0.00431263 0.999401 1.04043
0.478503 -0.877716 -0.025475 159.035 0.877154 0.47913 -0.0321638 128.905 0.0404365 -0.00695503 0.999158 1.06192
0.483093 -0.875011 -0.0312484 159.348 0.874335 0.483999 -0.0358116 129.489 0.0464597 -0.0100213 0.99887 1.08296
0.488106 -0.871982 -0.0374016 159.655 0.871203 0.489353 -0.0392301 130.064 0.0525105 -0.013436 0.99853 1.10469
0.493533 -0.868633 -0.0436025 159.961 0.86776 0.495168 -0.0424485 130.629 0.0584627 -0.0168867 0.998147 1.12618
0.501133 -0.863831 -0.051592 160.349 0.862817 0.503342 -0.0468317 131.33 0.0664231 -0.0210456 0.99757 1.15957
0.505553 -0.86123 -0.0519504 160.563 0.860265 0.507764 -0.0460379 131.695 0.0660278 -0.0214166 0.997588 1.16886
0.511935 -0.857758 -0.0466313 160.908 0.856926 0.513723 -0.0420288 132.267 0.0600061 -0.0184436 0.998028 1.19374
0.516509 -0.855448 -0.0377658 161.189 0.854723 0.517727 -0.0375175 132.716 0.0516467 -0.0129012 0.998582 1.20466
0.52279 -0.852056 -0.0262765 161.585 0.851312 0.523438 -0.0357877 133.35 0.0442472 -0.00366001 0.999014 1.21805
0.52605 -0.850176 -0.021708 161.858 0.84951 0.526498 -0.0336564 133.779 0.0400431 -0.000736238 0.999198 1.21329
0.528606 -0.848599 -0.021318 162.262 0.848075 0.529031 -0.0299087 134.418 0.0366584 -0.0022693 0.999325 1.21676
0.528888 -0.848495 -0.0182737 162.96 0.848205 0.529191 -0.0224666 135.542 0.028733 -0.00361758 0.999581 1.22848
0.528855 -0.84858 -0.0149998 163.195 0.848429 0.529052 -0.0164869 135.925 0.0219261 -0.0040071 0.999752 1.20511
0.529081 -0.848328 -0.0203208 163.625 0.848309 0.529361 -0.0121919 136.622 0.0210998 -0.0107878 0.999719 1.187
0.528816 -0.848346 -0.0257543 163.879 0.848432 0.529196 -0.0107408 137.042 0.022741 -0.0161708 0.999611 1.16105
0.52723 -0.849102 -0.0324677 164.283 0.849163 0.527884 -0.0161304 137.704 0.0308355 -0.019066 0.999343 1.155
0.525337 -0.850295 -0.0319324 164.555 0.850228 0.526041 -0.019854 138.154 0.0336795 -0.0167198 0.999293 1.15411
0.521687 -0.852683 -0.0278376 164.967 0.852573 0.522251 -0.0193129 138.843 0.031006 -0.0136583 0.999426 1.1669
0.515215 -0.856643 -0.0267787 165.294 0.856843 0.515537 -0.00646273 139.396 0.0193417 -0.0196155 0.99962 1.17152
0.511222 -0.859238 -0.0190637 165.646 0.859446 0.511154 0.00860853 140.018 0.00234775 -0.0207851 0.999781 1.17039
0.507215 -0.861783 -0.00788736 165.977 0.861732 0.507012 0.0188901 140.593 -0.0122802 -0.0163781 0.99979 1.16078
0.50452 -0.863393 -0.00346592 166.25 0.863231 0.504338 0.0217792 141.078 -0.017056 -0.0139799 0.999757 1.13143
0.501315 -0.865221 -0.00870756 166.702 0.865179 0.501098 0.0191076 141.868 -0.012169 -0.0171125 0.99978 1.1038
0.499256 -0.866376 -0.0116407 166.935 0.866416 0.499063 0.0160796 142.279 -0.00812156 -0.0181136 0.999803 1.08275
0.495445 -0.868574 -0.0106778 167.393 0.868636 0.495438 0.0034303 143.09 0.00231073 -0.0109747 0.999937 1.0705
