0.47251 -0.881205 0.0145904 0.635238 0.881317 0.472514 -0.00336486 0.829331 -0.00392906 0.0144487 0.999888 1.147
0.471174 -0.881979 0.0103924 1.07929 0.882035 0.47118 -0.00201414 1.66046 -0.00312026 0.0101155 0.999944 1.14587
0.469649 -0.882811 0.00865307 1.48928 0.88285 0.469652 -0.00185803 2.43745 -0.00242365 0.00851198 0.999961 1.1498
0.467773 -0.883786 0.0104712 2.32684 0.883836 0.467796 -0.000261817 3.98671 -0.004667 0.0093773 0.999945 1.16664
0.466698 -0.88433 0.0123835 2.73059 0.884398 0.466734 4.99766e-05 4.77683 -0.00582401 0.0109286 0.999923 1.17062
0.465079 -0.885169 0.0133197 3.14519 0.885255 0.465105 -0.00126502 5.58841 -0.00507531 0.0123797 0.999911 1.16608
0.463873 -0.88581 0.0127679 3.56488 0.885894 0.463883 -0.00232393 6.41056 -0.00386423 0.012389 0.999916 1.1648
0.463225 -0.886157 0.0122257 3.99487 0.886229 0.463245 -0.00127967 7.24263 -0.00452952 0.0114276 0.999924 1.18683
0.463336 -0.886117 0.0107703 4.42902 0.886152 0.463387 0.00269021 8.07761 -0.00737467 0.00829768 0.999938 1.19173
0.464153 -0.885674 0.0119859 4.85912 0.885684 0.464245 0.00637544 8.91308 -0.0112109 0.00765652 0.999908 1.17668
0.46551 -0.884944 0.0132368 5.29684 0.884927 0.465639 0.00920956 9.73473 -0.0143135 0.00742643 0.99987 1.16797
0.466974 -0.884152 0.0145143 5.72218 0.884136 0.467127 0.00980464 10.5628 -0.0154488 0.00825413 0.999847 1.1651
0.468801 -0.883139 0.0170601 6.14726 0.883199 0.468955 0.00633921 11.3827 -0.0135988 0.0120956 0.999834 1.14576
0.470263 -0.882362 0.0170334 6.56535 0.88248 0.470348 0.00110601 12.2196 -0.00898752 0.0145115 0.999854 1.15465
0.4713 -0.881881 0.0127375 7.00216 0.88196 0.471322 -0.00141358 13.0549 -0.00475685 0.0119002 0.999918 1.16923
0.47196 -0.881574 0.00893837 7.47406 0.881608 0.471983 0.000458103 13.8938 -0.00462261 0.00766393 0.99996 1.17859
0.471976 -0.881565 0.00906399 7.94089 0.881574 0.472026 0.00436516 14.763 -0.00812661 0.00593032 0.999949 1.19005
0.470982 -0.882001 0.0158305 8.3985 0.882043 0.471123 0.00661396 15.6676 -0.0132916 0.0108481 0.999853 1.16771
0.469662 -0.88238 0.0286863 8.89033 0.882735 0.469871 0.000624551 16.5532 -0.01403 0.0250291 0.999588 1.14814
0.468447 -0.882891 0.0325762 9.36182 0.883421 0.468556 -0.0046893 17.4192 -0.0111236 0.0309752 0.999458 1.1442
0.467008 -0.883747 0.0299152 9.83769 0.884225 0.466996 -0.00783507 18.2892 -0.00704603 0.0301108 0.999522 1.14403
0.465466 -0.884761 0.0232235 10.2806 0.885053 0.46544 -0.00685444 19.1507 -0.0047446 0.0237445 0.999707 1.15733
0.46477 -0.885218 0.0194334 10.734 0.885417 0.464775 -0.00456109 20.0025 -0.0049946 0.0193265 0.999801 1.16879
0.463937 -0.885654 0.0195013 11.1813 0.885834 0.464001 -0.00137726 20.8904 -0.00782882 0.0179139 0.999809 1.16136
0.462708 -0.886295 0.0195223 11.6396 0.88645 0.462822 0.0014907 21.7933 -0.0103565 0.0166158 0.999808 1.16009
0.461954 -0.886639 0.0216748 12.1067 0.886819 0.462109 0.00250796 22.6916 -0.0122398 0.018063 0.999762 1.15754
0.461575 -0.886814 0.0225665 12.5669 0.886979 0.461785 0.00487741 23.5881 -0.0147462 0.0177647 0.999733 1.16276
0.461078 -0.887051 0.0233919 13.0147 0.887191 0.461344 0.00734709 24.4847 -0.017309 0.0173655 0.999699 1.15737
0.460738 -0.887185 0.0249681 13.4744 0.887356 0.461029 0.00719618 25.3831 -0.0178954 0.01884 0.999662 1.14249
0.460847 -0.887065 0.0271198 13.9353 0.887326 0.46112 0.00447718 26.2715 -0.016477 0.0220008 0.999622 1.13279
0.461115 -0.886943 0.0265454 14.3829 0.887228 0.461326 0.00208129 27.1508 -0.0140921 0.0225921 0.999645 1.11753
0.460547 -0.887304 0.0242606 14.8309 0.887548 0.460713 0.00147598 28.0319 -0.0124868 0.0208527 0.999705 1.11798
0.458792 -0.888129 0.0271412 15.7215 0.888416 0.459029 0.00291017 29.7897 -0.0150432 0.0227776 0.999627 1.10154
0.458356 -0.888322 0.0281892 16.1878 0.888643 0.458594 0.00228043 30.665 -0.0149531 0.0240049 0.9996 1.09753
0.457592 -0.888886 0.0221686 16.6218 0.889105 0.457704 -3.46496e-05 31.5562 -0.0101159 0.0197261 0.999754 1.11111
0.457351 -0.889139 0.0161781 17.0678 0.889263 0.457395 -0.00104778 32.4385 -0.00646819 0.0148658 0.999869 1.12434
0.457259 -0.889213 0.0146513 17.5323 0.889311 0.457304 -0.000334262 33.3234 -0.00640287 0.0131824 0.999893 1.12924
0.457141 -0.889161 0.0203451 17.9921 0.889329 0.457265 0.00164514 34.2122 -0.0107659 0.0173415 0.999792 1.14092
0.456971 -0.889058 0.0274237 18.4418 0.889369 0.457187 0.00180168 35.0968 -0.0141395 0.0235664 0.999622 1.12556
0.456688 -0.889086 0.0310227 18.8784 0.889521 0.456894 -0.000517922 35.9512 -0.0137136 0.0278319 0.999519 1.10348
0.456305 -0.889288 0.0308597 19.3246 0.889735 0.456474 -0.00174142 36.8174 -0.012538 0.0282516 0.999522 1.11402
0.455169 -0.889952 0.0283768 19.7749 0.890317 0.455341 -0.000471673 37.6898 -0.0125014 0.025479 0.999597 1.12623
0.454493 -0.890254 0.0297311 20.2074 0.890642 0.454705 0.000395751 38.565 -0.0138712 0.0262999 0.999558 1.12804
0.453758 -0.890458 0.0344584 20.6437 0.890938 0.454116 0.00294072 39.4144 -0.0182667 0.0293659 0.999402 1.14446
0.453217 -0.890554 0.0388307 21.0738 0.891117 0.453741 0.00545817 40.2709 -0.0224799 0.0321289 0.999231 1.13129
0.452387 -0.890945 0.0395251 21.4882 0.891543 0.452909 0.00489771 41.1209 -0.0222649 0.0330227 0.999207 1.09501
0.450937 -0.891798 0.0367582 21.9021 0.892432 0.451178 -0.00193331 41.9481 -0.0148603 0.033676 0.999322 1.07993
0.450138 -0.892378 0.0322031 22.305 0.892919 0.450164 -0.00685081 42.7642 -0.00838316 0.0318386 0.999458 1.09244
0.449225 -0.893095 0.0240304 22.7099 0.893396 0.449243 -0.00497451 43.5917 -0.00635278 0.0237034 0.999699 1.1063
0.44872 -0.893493 0.0179304 23.1198 0.893638 0.448788 -0.000232032 44.4161 -0.00783963 0.0161274 0.999839 1.11752
0.446242 -0.89466 0.0212331 23.9082 0.894838 0.446385 0.00230895 46.0212 -0.0115439 0.0179698 0.999772 1.10788
0.445192 -0.895188 0.0210462 24.2795 0.895358 0.445339 0.00261907 46.7837 -0.0117172 0.0176779 0.999775 1.10832
0.443651 -0.895977 0.0199557 24.6455 0.896117 0.443803 0.00370181 47.5411 -0.0121731 0.0162403 0.999794 1.10273
0.442238 -0.896696 0.019032 25.017 0.896814 0.442387 0.00429185 48.2872 -0.012268 0.0151701 0.99981 1.10702
0.44139 -0.897077 0.0206734 25.3708 0.897223 0.441557 0.0041618 49.0124 -0.0128619 0.0167117 0.999778 1.10585
0.440333 -0.897608 0.0201859 25.7162 0.897718 0.440526 0.0061727 49.7366 -0.0144331 0.0154032 0.999777 1.11289
0.438954 -0.898329 0.0179933 26.0673 0.898319 0.439185 0.0117718 50.4649 -0.0184774 0.0109965 0.999769 1.11404
0.437228 -0.899209 0.0159823 26.413 0.899095 0.437458 0.016068 51.183 -0.0214401 0.00734426 0.999743 1.11817
0.435803 -0.899885 0.016816 26.7383 0.899845 0.436023 0.0128032 51.8551 -0.0188536 0.00955209 0.999777 1.10287
0.434688 -0.900417 0.0171952 27.0195 0.900497 0.43483 0.00537924 52.4987 -0.0123206 0.013146 0.999838 1.08674
0.433632 -0.900957 0.0154747 27.306 0.901072 0.433668 -0.00115822 53.1432 -0.00566737 0.0144461 0.99988 1.09058
0.433098 -0.90131 0.00821685 27.6074 0.901341 0.433109 -0.000402021 53.7752 -0.00319645 0.0075803 0.999966 1.12419
0.432537 -0.901611 0.0031344 27.9119 0.901606 0.432546 0.00337351 54.402 -0.00439737 0.00136682 0.999989 1.14154
0.431349 -0.902183 0.00187692 28.2022 0.902156 0.431351 0.00714238 55.0295 -0.00725335 -0.00138759 0.999973 1.15306
0.430625 -0.9025 0.00748166 28.4741 0.902508 0.430658 0.00361161 55.5772 -0.00648151 0.00519701 0.999965 1.13367
0.430183 -0.902655 0.0125032 28.7461 0.902737 0.430184 -0.0027207 56.1219 -0.00292283 0.0124575 0.999918 1.12407
0.431072 -0.902213 0.0137578 29.0098 0.902317 0.431006 -0.0076035 56.6677 0.00093027 0.0156916 0.999876 1.11982
0.43318 -0.901233 0.0116317 29.2613 0.901303 0.433101 -0.00874381 57.2103 0.00284249 0.0142714 0.999894 1.14417
0.441387 -0.897312 0.00302973 29.7448 0.897313 0.441393 0.00139084 58.2161 -0.00258532 0.00210472 0.999994 1.15335
0.445903 -0.895063 0.00569642 30.0035 0.895059 0.445928 0.00427396 58.684 -0.00636566 0.00319286 0.999975 1.18204
0.452398 -0.891724 0.0128284 30.2574 0.891761 0.452483 0.00459075 59.1924 -0.0098983 0.00936301 0.999907 1.19434
0.461307 -0.88706 0.0179211 30.4876 0.887155 0.461449 0.00457513 59.69 -0.0123281 0.0137883 0.999829 1.16475
0.473897 -0.880414 0.017113 30.7435 0.880489 0.474038 0.00517758 60.1483 -0.0126706 0.0126142 0.99984 1.13764
0.489074 -0.872136 0.0135741 30.9898 0.872152 0.489189 0.00678987 60.5895 -0.012562 0.00851792 0.999885 1.13999
0.508704 -0.860877 0.0104861 31.2658 0.860842 0.508793 0.00899078 60.9404 -0.0130752 0.00445322 0.999905 1.17514
0.530356 -0.847724 0.00936366 31.545 0.847659 0.530433 0.0106885 61.2858 -0.0140277 0.00226849 0.999899 1.19596
0.554815 -0.831891 0.0117861 31.828 0.831825 0.554928 0.0110901 61.649 -0.0157662 0.00365099 0.999869 1.19356
0.58106 -0.813723 0.0149742 32.107 0.813661 0.581227 0.011477 62.0163 -0.0180425 0.00551505 0.999822 1.18038
0.610045 -0.792157 0.0182158 32.406 0.792105 0.610273 0.011643 62.3737 -0.0203397 0.00732602 0.999766 1.15778
0.641764 -0.766614 0.0210405 32.6995 0.766578 0.642049 0.0114798 62.715 -0.0223096 0.00876182 0.999713 1.12295
0.676013 -0.736522 0.0232834 32.9979 0.736486 0.676351 0.0117553 63.0431 -0.0244058 0.00920122 0.99966 1.10031
0.712117 -0.701655 0.023844 33.2902 0.701621 0.712462 0.0111748 63.3601 -0.0248288 0.00877175 0.999653 1.08053
0.752626 -0.658132 0.0203876 33.5951 0.658076 0.752881 0.0103056 63.5578 -0.0221319 0.0056603 0.999739 1.12706
0.790621 -0.612056 0.0174677 33.8904 0.611971 0.790811 0.0104671 63.7453 -0.0202201 0.00241424 0.999793 1.13474
0.826552 -0.56262 0.0164441 34.2289 0.562524 0.826715 0.0104034 63.9719 -0.0194477 0.000651266 0.999811 1.1239
0.89075 -0.454233 0.0153835 34.9135 0.454164 0.890883 0.00792607 64.3296 -0.0173052 -7.35102e-05 0.99985 1.09761
0.918624 -0.394794 0.0163514 35.2303 0.394743 0.91877 0.00636837 64.4342 -0.0175373 0.00060444 0.999846 1.10531
0.942749 -0.332937 0.0194198 35.6089 0.332889 0.942948 0.00574182 64.4912 -0.0202235 0.00105154 0.999795 1.08679
0.962512 -0.270308 0.022437 35.9751 0.270212 0.962773 0.00729696 64.5331 -0.0235742 -0.000960663 0.999722 1.07001
0.978125 -0.206539 0.0247622 36.35 0.206398 0.978434 0.00812335 64.5504 -0.0259059 -0.00283478 0.99966 1.03813
0.98967 -0.141083 0.0254722 36.7299 0.141014 0.989997 0.00449978 64.5388 -0.0258522 -0.000861356 0.999665 1.00085
0.996739 -0.077129 0.0237258 37.0844 0.0771288 0.997021 0.000927576 64.6625 -0.0237267 0.000905392 0.999718 1.01833
0.999503 -0.0208979 0.023613 37.5397 0.0208523 0.99978 0.00217579 64.7892 -0.0236533 -0.00168232 0.999719 1.01795
0.999184 0.0331371 0.0230846 37.988 -0.0332996 0.999423 0.0066924 64.934 -0.0228496 -0.00745565 0.999711 0.9958
0.996153 0.0849256 0.0215937 38.4394 -0.0851654 0.996312 0.0104381 65.0602 -0.0206276 -0.012237 0.999712 0.947826
0.991343 0.12985 0.0194401 38.8641 -0.130052 0.991461 0.00953471 65.1529 -0.018036 -0.0119804 0.999766 0.770314
0.984812 0.172396 0.0206233 39.3053 -0.172515 0.984998 0.00412247 65.1713 -0.0196032 -0.0076177 0.999779 0.61552
0.977637 0.208764 0.0253552 39.7018 -0.208773 0.977961 -0.00231229 65.11 -0.0252791 -0.00303291 0.999676 0.586621
0.969801 0.242387 0.0270903 40.012 -0.242462 0.970161 -0.000517188 64.9463 -0.0264073 -0.00606681 0.999633 0.578888
0.961554 0.273207 0.0277697 40.323 -0.273447 0.961873 0.00516991 64.7632 -0.0252985 -0.0125647 0.999601 0.604934
0.953315 0.300898 0.0255098 40.6549 -0.301272 0.953459 0.0122987 64.5316 -0.0206219 -0.01941 0.999599 0.640676
0.945338 0.325313 0.0225381 40.9973 -0.325682 0.945358 0.0151553 64.3257 -0.0163763 -0.0216671 0.999631 0.613652
0.937445 0.347524 0.0205985 41.3835 -0.347814 0.937478 0.0126347 64.1489 -0.0149198 -0.0190088 0.999708 0.607015
0.929863 0.36753 0.016615 41.7679 -0.36771 0.929893 0.00938597 63.9719 -0.0120006 -0.0148372 0.999818 0.587536
0.922758 0.385219 0.0111052 42.1583 -0.385315 0.922748 0.00829222 63.8107 -0.007053 -0.0119307 0.999904 0.598931
0.916463 0.400054 0.00727996 42.5616 -0.400117 0.916379 0.0124962 63.5279 -0.00167204 -0.0143651 0.999895 0.736943
0.910076 0.414401 0.00574887 42.9371 -0.41444 0.909961 0.0144922 63.2401 0.000774309 -0.0155715 0.999878 0.87613
0.904197 0.427028 0.00860719 43.3189 -0.427094 0.90417 0.00825213 62.9639 -0.00425847 -0.0111376 0.999929 0.927697
0.898709 0.438453 0.00897387 43.7273 -0.438471 0.898745 4.49719e-05 62.7443 -0.0080455 -0.0039752 0.99996 0.93388
0.893222 0.449541 0.00822278 44.1547 -0.449486 0.893254 -0.00765709 62.5164 -0.0107872 0.00314346 0.999937 0.929008
0.888336 0.45913 0.00768367 44.6834 -0.459062 0.888357 -0.00917831 62.2812 -0.0110399 0.00462614 0.999928 0.837696
0.884143 0.467149 0.00786698 45.194 -0.467092 0.884171 -0.00814517 62.0519 -0.0107608 0.0035269 0.999936 0.77357
0.881648 0.471754 0.0120336 45.6196 -0.471793 0.881709 0.000462744 61.7895 -0.0103919 -0.00608537 0.999927 0.743341
0.87899 0.4766 0.0151172 46.1071 -0.476747 0.879004 0.00807342 61.5034 -0.0094403 -0.0143035 0.999853 0.702267
0.876054 0.481939 0.0162641 46.6248 -0.482144 0.876 0.0126446 61.2114 -0.00815345 -0.018919 0.999788 0.668032
0.873531 0.486473 0.0169473 47.1637 -0.486715 0.873419 0.0157465 60.9192 -0.00714188 -0.0220035 0.999732 0.63932
0.871788 0.489584 0.0171459 47.7391 -0.489827 0.871687 0.015227 60.61 -0.00749094 -0.0216733 0.999737 0.606849
0.86963 0.493458 0.0156112 48.8776 -0.493613 0.869642 0.0083034 59.9739 -0.00947875 -0.0149268 0.999844 0.581011
0.869221 0.494255 0.0129259 49.43 -0.494322 0.869275 0.00245828 59.6519 -0.0100211 -0.00852634 0.999913 0.598985
0.869995 0.492964 0.00973183 50.0164 -0.492945 0.870049 -0.00439259 59.3109 -0.0106326 -0.000975724 0.999943 0.592745
0.871202 0.490879 0.00673852 50.6217 -0.4908 0.871207 -0.0106575 58.9651 -0.0111022 0.00597761 0.99992 0.58014
0.872686 0.488259 0.00476742 51.2497 -0.488144 0.872629 -0.0152678 58.6125 -0.0116148 0.0109968 0.999872 0.566807
0.874939 0.484212 0.00453092 51.9077 -0.484089 0.874869 -0.0161599 58.2475 -0.0117888 0.0119455 0.999859 0.549169
0.877289 0.479938 0.00485233 52.5856 -0.479802 0.877212 -0.0170051 57.8764 -0.0124179 0.0125902 0.999844 0.541456
0.878789 0.477167 0.00645647 53.2655 -0.477001 0.878724 -0.0177487 57.5089 -0.0141425 0.0125176 0.999822 0.532941
0.880524 0.473924 0.00854054 53.9639 -0.473751 0.880502 -0.0166028 57.1417 -0.0153884 0.0105731 0.999826 0.520234
0.882629 0.469926 0.0116504 54.6708 -0.469793 0.882688 -0.0124928 56.7779 -0.0161543 0.00555319 0.999854 0.501162
0.884916 0.46555 0.013623 55.3784 -0.465471 0.88502 -0.0086926 56.4079 -0.0161035 0.00135111 0.999869 0.478421
0.886427 0.462738 0.0109643 56.1065 -0.462638 0.886485 -0.0105075 56.0231 -0.0145819 0.00424166 0.999885 0.446072
0.887124 0.461476 0.00712897 56.8319 -0.461388 0.887128 -0.0111785 55.6395 -0.0114829 0.00662753 0.999912 0.441047
0.887147 0.461469 0.00411567 57.5649 -0.461421 0.887135 -0.00900841 55.2577 -0.00780826 0.00609272 0.999951 0.450606
0.886644 0.462429 0.00465059 58.3204 -0.462408 0.886653 -0.00502511 54.8976 -0.00644722 0.00230502 0.999977 0.483333
0.886094 0.463434 0.00811594 59.0563 -0.463449 0.886123 1.57684e-05 54.5168 -0.00718441 -0.0037753 0.999967 0.501458
0.886288 0.462971 0.0123285 59.746 -0.463044 0.886327 0.00380501 54.1475 -0.00916544 -0.00908096 0.999917 0.510242
0.886481 0.4625 0.015641 60.4678 -0.462639 0.886522 0.00668692 53.7686 -0.0107734 -0.013164 0.999855 0.493431
0.886448 0.462524 0.0167774 61.9371 -0.462703 0.886469 0.00885723 53.0222 -0.0107759 -0.0156144 0.99982 0.469093
0.886169 0.463108 0.0153647 62.6648 -0.463267 0.886173 0.00905171 52.6536 -0.00942383 -0.0151393 0.999841 0.469119
0.885213 0.464879 0.0169142 63.389 -0.465101 0.885161 0.0130494 52.295 -0.00890539 -0.0194183 0.999772 0.469464
0.883558 0.467881 0.0203115 64.1255 -0.46823 0.88341 0.0186376 51.9358 -0.00922322 -0.0259779 0.99962 0.474891
0.881194 0.472121 0.0244912 64.8682 -0.472629 0.880973 0.0225363 51.5779 -0.0109362 -0.0314341 0.999446 0.498812
0.878178 0.477547 0.0274244 65.5995 -0.478139 0.878013 0.0218255 51.1951 -0.0136563 -0.0322794 0.999386 0.500109
0.87445 0.484279 0.0284909 66.32 -0.484853 0.874401 0.0184626 50.8191 -0.0159714 -0.0299585 0.999424 0.473862
0.869877 0.492595 0.0257873 67.0253 -0.493007 0.86993 0.0128851 50.4411 -0.016086 -0.0239218 0.999584 0.472505
0.86457 0.501975 0.0232429 67.7165 -0.502276 0.864658 0.00929678 50.049 -0.0154304 -0.0197121 0.999687 0.469691
0.859088 0.511353 0.022044 68.3919 -0.511621 0.859169 0.0085193 49.6548 -0.0145831 -0.018597 0.999721 0.475169
0.853536 0.520496 0.0236679 69.0829 -0.520825 0.8536 0.01045 49.2316 -0.0147637 -0.0212463 0.999665 0.467501
0.847615 0.529963 0.0262384 69.7711 -0.530376 0.847676 0.0120902 48.789 -0.0158344 -0.0241641 0.999583 0.463425
0.841374 0.53981 0.0263667 70.4597 -0.540188 0.841488 0.00973529 48.3444 -0.016932 -0.022434 0.999605 0.455375
0.835111 0.549463 0.0260692 71.1224 -0.549808 0.835251 0.00811379 47.9067 -0.0173161 -0.021109 0.999627 0.46113
0.829079 0.558467 0.0272657 71.7702 -0.558858 0.829213 0.00916238 47.4658 -0.0174921 -0.022834 0.999586 0.466573
0.823321 0.56683 0.0290938 72.4119 -0.567334 0.823385 0.0130148 47.0399 -0.0165782 -0.0272213 0.999492 0.46769
0.817497 0.575166 0.0297044 73.0477 -0.575746 0.817457 0.0167297 46.6183 -0.0146597 -0.0307787 0.999419 0.459831
0.812031 0.58286 0.029682 73.6589 -0.583474 0.8119 0.0193817 46.1946 -0.012802 -0.0330572 0.999371 0.447967
0.806481 0.590518 0.0296303 74.2493 -0.591148 0.806293 0.0208964 45.7624 -0.011551 -0.0343684 0.999343 0.452542
0.801482 0.597317 0.0289649 74.8381 -0.597912 0.801315 0.0198908 45.3082 -0.0113289 -0.0332606 0.999382 0.455236
0.796659 0.603841 0.0266567 75.4221 -0.604305 0.796616 0.0148163 44.8561 -0.0122884 -0.0279124 0.999535 0.454748
0.792457 0.609442 0.0243191 76.0174 -0.609771 0.792526 0.0090134 44.4091 -0.0137803 -0.0219718 0.999664 0.449828
0.789916 0.612697 0.0251945 76.5854 -0.612997 0.790064 0.00577564 43.9753 -0.0163666 -0.0200064 0.999666 0.426677
0.787601 0.615595 0.0269639 77.1432 -0.615912 0.7878 0.00472935 43.5394 -0.0183308 -0.0203323 0.999625 0.409791
0.786312 0.617154 0.0288894 77.6946 -0.61751 0.786549 0.00461304 43.117 -0.019876 -0.0214668 0.999572 0.413685
0.785759 0.617892 0.0281515 78.2233 -0.618213 0.786002 0.0036179 42.6753 -0.0198917 -0.0202464 0.999597 0.41407
0.786805 0.616746 0.0237027 78.7338 -0.616939 0.78701 0.00108799 42.2848 -0.0179832 -0.0154792 0.999718 0.413071
0.788405 0.614812 0.0206137 79.205 -0.614927 0.788584 -0.000945705 41.9018 -0.016837 -0.0119303 0.999787 0.431737
0.791105 0.611437 0.0172432 79.6975 -0.611472 0.791257 -0.0038199 41.5381 -0.0159794 -0.00752177 0.999844 0.428547
0.794727 0.606792 0.0145633 80.1897 -0.606786 0.794847 -0.00538507 41.1822 -0.0148432 -0.00455714 0.999879 0.441561
0.801095 0.598415 0.0120815 80.6552 -0.59838 0.801184 -0.00671794 40.8551 -0.0136996 -0.00184759 0.999904 0.473116
0.809521 0.587072 0.00470655 81.0739 -0.586976 0.809496 -0.013299 40.5167 -0.0116174 0.00800321 0.9999 0.508311
0.819088 0.573661 -0.00286274 81.5076 -0.5736 0.818904 -0.019499 40.2017 -0.00884147 0.0176134 0.999806 0.572792
0.830139 0.557494 -0.00833422 81.9291 -0.557529 0.829859 -0.022243 39.9197 -0.00548409 0.0231113 0.999718 0.60956
0.843074 0.537722 -0.00907412 82.3843 -0.537792 0.84286 -0.0191536 39.6631 -0.00265111 0.0210279 0.999775 0.627001
0.856795 0.515595 -0.00802272 82.8528 -0.515657 0.856673 -0.0144645 39.4118 -0.000584993 0.0165301 0.999863 0.629932
0.871338 0.490646 -0.00610141 83.3476 -0.490683 0.871283 -0.00983295 39.1757 0.000491561 0.0115617 0.999933 0.637555
0.887686 0.460422 -0.00495306 83.8451 -0.460448 0.887645 -0.0085316 38.9558 0.000468428 0.00985401 0.999951 0.650819
0.905551 0.424227 -0.00307192 84.3558 -0.424235 0.905493 -0.0103362 38.7889 -0.00160329 0.0106632 0.999942 0.669055
0.926224 0.376962 0.00295768 84.7523 -0.376899 0.926168 -0.0126298 38.6351 -0.00750025 0.0105832 0.999916 0.647589
0.9443 0.328982 0.00834454 85.1802 -0.328877 0.944299 -0.0117968 38.5138 -0.0117607 0.00839537 0.999896 0.681494
0.959877 0.280207 0.0109858 85.6871 -0.280101 0.959916 -0.0102184 38.4318 -0.0134087 0.00673122 0.999887 0.706032
0.973539 0.228254 0.0110863 86.202 -0.228145 0.973573 -0.0102712 38.3496 -0.0131378 0.00747015 0.999886 0.710682
0.985634 0.168749 0.00699217 86.7118 -0.168648 0.985589 -0.0131123 38.3233 -0.00910409 0.0117447 0.99989 0.670842
0.994731 0.102511 0.0014839 87.2011 -0.102475 0.994608 -0.015922 38.3167 -0.00310809 0.015686 0.999872 0.674647
0.9994 0.0344964 -0.00308586 87.6773 -0.0345455 0.999248 -0.0176099 38.3485 0.00247606 0.0177059 0.99984 0.689528
0.999368 -0.0349283 -0.00662385 88.1479 0.0348106 0.999247 -0.0171299 38.4004 0.00721719 0.0168885 0.999831 0.710783
0.99437 -0.105508 -0.00983429 88.6227 0.105348 0.994313 -0.0156052 38.4708 0.0114248 0.0144813 0.99983 0.72778
0.984173 -0.176808 -0.0119806 89.1016 0.17662 0.984161 -0.0152579 38.5916 0.0144886 0.0129004 0.999812 0.701184
0.969 -0.246695 -0.0134442 89.557 0.246464 0.969006 -0.0167981 38.7379 0.0171715 0.0129638 0.999768 0.666876
0.949321 -0.314087 -0.0117787 89.9937 0.31387 0.949311 -0.0171439 38.9135 0.0165663 0.0125781 0.999784 0.6578
0.925476 -0.378753 -0.00633492 90.4338 0.378623 0.92542 -0.0155366 39.1346 0.011747 0.0119802 0.999859 0.667216
0.898098 -0.439793 0.00116286 90.8636 0.439777 0.898037 -0.0112326 39.3946 0.00389573 0.0105994 0.999936 0.705402
0.867482 -0.497416 0.00725772 91.265 0.497463 0.867449 -0.00787869 39.6676 -0.00237672 0.0104451 0.999943 0.748926
0.835166 -0.549871 0.0117962 91.5926 0.549933 0.835204 -0.00259068 39.947 -0.0084277 0.00865077 0.999927 0.801071
0.805979 -0.591833 0.011491 91.9231 0.591847 0.806047 0.00250004 40.1629 -0.0107419 0.0047859 0.999931 0.822459
0.779776 -0.625973 0.0103342 92.2865 0.625926 0.779845 0.00769582 40.4301 -0.0128765 0.00046744 0.999917 0.858089
0.755189 -0.655459 0.00796992 92.6536 0.655381 0.755227 0.0103921 40.7124 -0.0128307 -0.00262463 0.999914 0.89368
0.735309 -0.677689 0.00759299 92.9771 0.677629 0.735347 0.00915789 41.0195 -0.0117897 -0.00158865 0.999929 0.882592
0.719638 -0.694289 0.00920322 93.3093 0.694239 0.719696 0.00828737 41.3313 -0.0123774 0.000425333 0.999923 0.845908
0.711233 -0.70284 0.0128103 93.663 0.702799 0.711341 0.00820742 41.6543 -0.014881 0.00316565 0.999884 0.94366
0.703374 -0.710703 0.0128639 94.0272 0.71066 0.703485 0.00845487 41.9832 -0.0150585 0.00319493 0.999882 1.02712
0.696235 -0.717778 0.00714097 94.377 0.717683 0.696264 0.0121041 42.4127 -0.01366 -0.00330232 0.999901 1.00087
0.691082 -0.722771 0.00264946 94.7212 0.722671 0.69104 0.0145159 42.7996 -0.0123226 -0.00811703 0.999891 0.992054
0.687393 -0.726285 -0.000600489 95.0704 0.72622 0.687319 0.0140125 43.1853 -0.00976435 -0.0100682 0.999902 1.00677
0.686006 -0.727594 -0.00136319 95.4329 0.727563 0.685956 0.0107824 43.5729 -0.00691014 -0.00838861 0.999941 1.07656
0.687209 -0.72646 0.000196783 95.7928 0.726445 0.687197 0.00608646 43.9445 -0.0045568 -0.00403972 0.999981 1.13202
0.691137 -0.722723 -0.00103792 96.1767 0.722724 0.691137 0.000332983 44.3676 0.000476692 -0.000980269 0.999999 1.10835
0.6948 -0.719195 -0.0032772 96.581 0.719186 0.694808 -0.00363881 44.7791 0.00489404 0.000171329 0.999988 1.0951
0.698004 -0.716057 -0.00728151 96.9932 0.716069 0.698029 -0.00128102 45.2011 0.00599999 -0.0043199 0.999973 1.11497
0.701376 -0.712709 -0.010853 97.4256 0.712777 0.701377 0.00440848 45.6321 0.00447008 -0.0108278 0.999931 1.12378
0.704691 -0.709436 -0.0105011 97.8606 0.709514 0.704625 0.00968188 46.0729 0.00053066 -0.0142734 0.999898 1.13233
0.707994 -0.706171 -0.00823337 98.3094 0.706197 0.707834 0.016028 46.5287 -0.00549068 -0.0171621 0.999838 1.13503
0.711708 -0.702458 -0.00492038 98.7473 0.702352 0.711435 0.023706 46.9775 -0.0131519 -0.0203276 0.999707 1.09692
0.714361 -0.699775 -0.00187293 99.1844 0.699572 0.714085 0.0261047 47.3932 -0.01693 -0.0199584 0.999658 1.0748
0.714607 -0.699514 0.0040616 99.6678 0.699378 0.714563 0.0164387 47.8791 -0.0144014 -0.00890663 0.999857 1.09611
0.714445 -0.699666 0.00605571 100.169 0.699632 0.71447 0.00694391 48.354 -0.00918504 -0.000724274 0.999958 1.1106
0.713718 -0.700427 0.00292734 100.662 0.70043 0.713721 5.81184e-05 48.8372 -0.00213001 0.00200892 0.999996 1.11922
0.712146 -0.702017 -0.00450192 101.158 0.702021 0.712156 -0.000696106 49.3364 0.00369475 -0.00266472 0.99999 1.12109
0.710397 -0.703724 -0.0104393 101.647 0.703789 0.710394 0.00459735 49.8417 0.00418076 -0.010613 0.999935 1.10189
0.708695 -0.70542 -0.011567 102.141 0.705513 0.708562 0.013808 50.3366 -0.00154448 -0.0179463 0.999838 1.07753
0.706746 -0.707449 -0.00508822 102.7 0.7074 0.706559 0.0189752 50.8819 -0.00982888 -0.0170101 0.999807 1.11918
0.704781 -0.709423 -0.00186452 103.204 0.709319 0.704628 0.0191235 51.4024 -0.0122528 -0.0148004 0.999815 1.10417
0.703655 -0.710536 -0.00274857 103.706 0.710473 0.703529 0.0165751 51.9352 -0.00984353 -0.013616 0.999859 1.12686
0.701738 -0.712423 -0.00416054 104.228 0.712425 0.701687 0.00926918 52.4992 -0.00368417 -0.00946861 0.999948 1.15093
0.699457 -0.714595 -0.0106487 104.77 0.714674 0.699386 0.0100268 53.0726 0.000282417 -0.0146237 0.999893 1.12828
0.695989 -0.717934 -0.0130294 105.342 0.718053 0.695886 0.0119737 53.628 0.000470645 -0.0176893 0.999843 1.12765
0.693132 -0.720723 -0.0112194 105.925 0.720809 0.693016 0.0127797 54.216 -0.00143537 -0.0169451 0.999855 1.13394
0.689891 -0.723892 -0.00548685 107.052 0.723873 0.689753 0.0157413 55.4102 -0.00761046 -0.0148316 0.999861 1.16433
0.68928 -0.724494 -0.00122443 107.635 0.724437 0.689202 0.0138549 56.0071 -0.00919392 -0.0104369 0.999903 1.17479
0.689416 -0.724365 0.00135914 108.205 0.724295 0.689374 0.0126417 56.6155 -0.0100942 -0.00773098 0.999919 1.15184
0.689567 -0.724217 0.00271025 108.77 0.724161 0.689553 0.0103556 57.223 -0.00936859 -0.00517825 0.999943 1.13896
0.6898 -0.723998 0.00131193 109.329 0.723961 0.689781 0.00904228 57.8196 -0.00745154 -0.00528758 0.999958 1.14636
0.69033 -0.723478 -0.00492467 109.884 0.723469 0.690232 0.0130919 58.4335 -0.00607254 -0.0126006 0.999902 1.14298
0.691822 -0.721939 -0.0136776 110.453 0.722047 0.691534 0.0206888 59.0537 -0.00547758 -0.0241888 0.999692 1.13896
0.694418 -0.719336 -0.0184065 111.068 0.719531 0.693879 0.0284124 59.7058 -0.00766623 -0.0329741 0.999427 1.11982
0.696724 -0.71705 -0.0203366 111.634 0.717301 0.696117 0.0299942 60.3249 -0.00735071 -0.0354851 0.999343 1.13189
0.698572 -0.715252 -0.0203063 112.238 0.715517 0.698041 0.027819 60.958 -0.005723 -0.0339631 0.999407 1.13861
0.700178 -0.713783 -0.0162469 112.856 0.713949 0.699811 0.0232651 61.5951 -0.00523646 -0.0278892 0.999597 1.146
0.700314 -0.713742 -0.0115518 113.471 0.713816 0.700087 0.0185676 62.2087 -0.00516521 -0.0212489 0.999761 1.15925
0.70025 -0.713838 -0.00925137 114.088 0.713876 0.70007 0.0168191 62.8371 -0.00552948 -0.0183819 0.999816 1.16793
0.701597 -0.712506 -0.00981712 114.687 0.712529 0.701331 0.0209057 63.4477 -0.00801042 -0.0216624 0.999733 1.16192
0.702716 -0.711401 -0.00993513 115.299 0.711366 0.702304 0.026979 64.0739 -0.0122154 -0.0260261 0.999587 1.15608
0.703232 -0.710896 -0.00961542 115.89 0.710768 0.702661 0.0328237 64.6983 -0.0165778 -0.029917 0.999415 1.14834
0.703239 -0.710911 -0.00780447 116.49 0.710784 0.702788 0.0295781 65.3023 -0.0155425 -0.0263478 0.999532 1.13955
0.703811 -0.710308 -0.0105993 117.073 0.710376 0.703639 0.0160696 65.8741 -0.00395629 -0.0188395 0.999815 1.11952
0.703046 -0.710917 -0.0179718 118.259 0.711071 0.703112 0.00340282 67.0554 0.010217 -0.0151715 0.999833 1.11167
0.702165 -0.711889 -0.0133583 118.881 0.712002 0.702139 0.00728002 67.6694 0.00419685 -0.0146229 0.999884 1.07903
0.700475 -0.713674 0.00208196 119.501 0.713478 0.700345 0.0215677 68.3392 -0.0168504 -0.0136222 0.999765 1.05622
0.69993 -0.714162 0.00838261 120.075 0.713692 0.699821 0.0298919 68.9218 -0.027214 -0.0149396 0.999518 1.13896
0.699108 -0.715015 -0.000678388 120.615 0.714673 0.698743 0.0316344 69.5021 -0.0221451 -0.0226007 0.999499 1.13518
0.698314 -0.715706 -0.0110993 121.175 0.715721 0.697942 0.0249141 70.0738 -0.0100845 -0.0253418 0.999628 1.12715
0.697031 -0.716868 -0.0157404 121.761 0.717037 0.696791 0.0184306 70.6724 -0.00224459 -0.0241332 0.999706 1.12877
0.694953 -0.718934 -0.0131781 122.367 0.719055 0.694827 0.0132816 71.2968 -0.000392103 -0.0187059 0.999825 1.14117
0.692045 -0.721811 -0.00786121 122.912 0.721847 0.691946 0.0121746 71.8958 -0.0033482 -0.0140999 0.999895 1.15975
0.689167 -0.724578 -0.00600135 123.471 0.724586 0.68907 0.012605 72.5035 -0.00499797 -0.0130355 0.999903 1.17066
0.686415 -0.727114 -0.01186 124.011 0.727192 0.686191 0.0182612 73.0781 -0.00513973 -0.0211593 0.999763 1.14762
0.684207 -0.729143 -0.0145127 124.566 0.729271 0.683926 0.0201959 73.7112 -0.00480015 -0.0244019 0.999691 1.16572
0.682699 -0.730524 -0.0160233 125.138 0.730674 0.682327 0.023326 74.3289 -0.00610702 -0.0276325 0.9996 1.16207
0.681778 -0.731389 -0.015778 125.701 0.731504 0.681304 0.0269656 74.9421 -0.00897269 -0.0299262 0.999512 1.15041
0.681659 -0.731526 -0.0145286 126.257 0.731604 0.681195 0.0270083 75.5095 -0.00986043 -0.0290396 0.99953 1.16679
0.679963 -0.73313 -0.0130265 126.801 0.7332 0.679614 0.0232838 76.0974 -0.0082171 -0.0253832 0.999644 1.18412
0.676949 -0.735932 -0.0120474 127.328 0.736016 0.676742 0.0173659 76.6792 -0.00462711 -0.0206229 0.999777 1.20094
0.671736 -0.740695 -0.0119203 127.838 0.740788 0.671606 0.0133703 77.2889 -0.00189753 -0.0178117 0.99984 1.18947
0.665667 -0.746148 -0.0123103 128.348 0.746246 0.665523 0.013995 77.9077 -0.00224951 -0.0185025 0.999826 1.17319
0.660554 -0.750719 -0.00951005 128.885 0.750733 0.660319 0.0194685 78.5045 -0.00833569 -0.0199995 0.999765 1.12658
0.657576 -0.753388 -0.000159891 129.474 0.75308 0.657301 0.0287385 79.1331 -0.0215462 -0.0190182 0.999587 1.15337
0.654642 -0.755925 0.00462927 130.005 0.755406 0.654398 0.0335211 79.7525 -0.0283688 -0.0184474 0.999427 1.17963
0.651295 -0.758819 0.00292626 130.502 0.758396 0.651052 0.0310836 80.3559 -0.025492 -0.0180253 0.999512 1.16433
0.646048 -0.763295 -0.00160917 131.001 0.76311 0.645841 0.0235132 80.9623 -0.0169082 -0.0164186 0.999722 1.154
0.640667 -0.767803 -0.00485815 131.498 0.767785 0.640568 0.013382 81.5799 -0.00716279 -0.0123034 0.999899 1.16199
0.634942 -0.772517 -0.00814778 132.017 0.77255 0.634847 0.0115995 82.2562 -0.00378823 -0.0136596 0.9999 1.14713
0.629245 -0.777145 -0.00982617 132.54 0.777178 0.629061 0.0166001 82.9256 -0.00671946 -0.0180822 0.999814 1.09689
0.622845 -0.782283 -0.00981354 133.026 0.782295 0.622615 0.0191242 83.5628 -0.00885052 -0.0195885 0.999769 1.10212
0.615763 -0.787807 -0.0139803 133.505 0.7879 0.615482 0.0199156 84.1956 -0.007085 -0.0232784 0.999704 1.10408
0.601611 -0.798583 -0.018139 134.516 0.798784 0.601373 0.0171531 85.5385 -0.00278986 -0.0248086 0.999688 1.11278
0.595302 -0.803235 -0.0207182 134.978 0.803464 0.594825 0.0250657 86.2027 -0.00780991 -0.031568 0.999471 1.10233
0.58869 -0.808105 -0.0202741 135.464 0.808246 0.588003 0.0314964 86.882 -0.0135312 -0.0349281 0.999298 1.10279
0.582068 -0.812952 -0.0175006 135.95 0.812909 0.581255 0.0363528 87.5557 -0.0193807 -0.0353862 0.999186 1.08989
0.577049 -0.816585 -0.0142437 136.43 0.816384 0.57624 0.0382603 88.2253 -0.0230349 -0.0337064 0.999166 1.07681
0.573063 -0.819401 -0.0134623 136.912 0.819184 0.572292 0.0376787 88.9025 -0.0231696 -0.0326203 0.999199 1.06211
0.569628 -0.821698 -0.0183728 137.381 0.821705 0.568857 0.034682 89.5881 -0.0180466 -0.0348529 0.999229 1.07294
0.566718 -0.823473 -0.0269084 137.833 0.823841 0.565939 0.0315982 90.2713 -0.0107918 -0.0400755 0.999138 1.07301
0.564371 -0.824878 -0.0325836 138.297 0.825506 0.56368 0.0283667 90.9398 -0.00503233 -0.0429073 0.999066 1.06916
0.5617 -0.826564 -0.0358482 138.757 0.827334 0.560989 0.0284576 91.6261 -0.00341156 -0.0456431 0.998952 1.06496
0.559597 -0.828046 -0.0345201 139.219 0.828704 0.558564 0.0354466 92.3351 -0.0100697 -0.0484427 0.998775 1.05467
0.557028 -0.829935 -0.0304639 139.671 0.830242 0.555581 0.0450413 93.0433 -0.0204562 -0.0503817 0.99852 1.04827
0.553299 -0.832621 -0.0245376 140.126 0.832542 0.551808 0.0487966 93.7251 -0.027089 -0.0474277 0.998507 1.03943
0.549074 -0.835582 -0.0179163 140.563 0.835476 0.54818 0.0384481 94.3706 -0.0223051 -0.0360795 0.9991 1.00919
0.54283 -0.839714 -0.0147027 140.997 0.839747 0.54242 0.0245855 95.0718 -0.0126698 -0.0256923 0.99959 1.03742
0.537057 -0.843275 -0.0213658 141.442 0.843488 0.53655 0.0253394 95.7735 -0.00990422 -0.0316305 0.999451 1.01786
0.530295 -0.847548 -0.021194 141.856 0.847699 0.529647 0.0296956 96.5064 -0.0139431 -0.0337135 0.999334 0.989727
0.524264 -0.851502 -0.00956989 142.317 0.851322 0.523824 0.0293146 97.2174 -0.0199485 -0.0235156 0.999524 1.01987
0.513272 -0.858146 0.0117196 143.189 0.857851 0.513404 0.0225301 98.6576 -0.025351 -0.00151042 0.999677 1.0015
0.507953 -0.861216 0.0170782 143.598 0.86113 0.508185 0.0142746 99.3488 -0.0209724 0.00745574 0.999752 0.995278
0.50327 -0.863928 0.0186627 144.02 0.86403 0.503422 0.00431762 100.033 -0.0131253 0.0139522 0.999817 0.976885
0.497524 -0.867301 0.0161072 144.457 0.867439 0.497528 -0.00406176 100.743 -0.004491 0.0159928 0.999862 0.986538
0.491417 -0.870893 0.0074103 144.889 0.870913 0.491437 0.000988923 101.489 -0.00450294 0.00596775 0.999972 0.981832
0.48641 -0.873728 0.00240144 145.3 0.873627 0.486392 0.0140852 102.264 -0.0134746 -0.0047532 0.999898 0.933446
0.48184 -0.876221 0.00815224 145.705 0.875881 0.481885 0.0248903 103.025 -0.0257378 -0.00485274 0.999657 0.937995
0.477553 -0.878495 0.0137398 146.099 0.878005 0.477747 0.0294083 103.786 -0.0323992 -0.00198041 0.999473 0.940775
0.475327 -0.879753 0.00990056 146.49 0.87935 0.475413 0.0269621 104.536 -0.0284269 -0.00410979 0.999587 0.91474
0.474584 -0.880209 -0.00158629 146.851 0.880101 0.474495 0.0166176 105.239 -0.0138743 -0.00928254 0.999861 0.898565
0.473621 -0.880699 -0.00732502 147.237 0.880717 0.473553 0.009264 105.982 -0.00469001 -0.0108389 0.99993 0.960722
0.472526 -0.881296 -0.00600993 147.633 0.881309 0.472483 0.00729938 106.702 -0.00359332 -0.00874576 0.999955 0.977537
0.471781 -0.881713 -0.00216642 148.058 0.881616 0.471689 0.0162228 107.472 -0.013282 -0.00956357 0.999866 0.949883
0.471026 -0.882119 0.000626 148.462 0.881861 0.470905 0.0238717 108.251 -0.0213525 -0.0106921 0.999715 0.922158
0.469809 -0.882756 0.004573 148.848 0.882401 0.469757 0.0264019 109.023 -0.0254546 -0.00836863 0.999641 0.890595
0.468048 -0.883615 0.012431 149.238 0.883544 0.468185 0.0123745 109.752 -0.0167543 0.00519146 0.999846 0.869833
0.466747 -0.884315 0.0115475 149.642 0.884377 0.466773 -0.000571083 110.48 -0.00488503 0.0104789 0.999933 0.912886
0.465815 -0.884795 0.0123905 150.059 0.884873 0.465702 -0.0109995 111.22 0.00396202 0.0160878 0.999863 0.961729
0.465268 -0.885113 0.0100689 150.463 0.885149 0.465148 -0.0122211 111.963 0.0061335 0.0145986 0.999875 0.984058
0.464446 -0.885582 0.0058752 150.864 0.885599 0.46445 -0.000737817 112.738 -0.00207534 0.00554575 0.999982 0.934642
0.461791 -0.886878 0.0140158 151.241 0.886911 0.461903 0.00593735 113.504 -0.0117397 0.00968899 0.999884 0.963503
0.459865 -0.88771 0.0222559 151.605 0.887848 0.460094 0.00626992 114.288 -0.0158057 0.0168765 0.999733 0.962763
0.45951 -0.887991 0.0179457 151.979 0.888101 0.459636 0.00338538 115.058 -0.0112547 0.014382 0.999833 0.916283
0.460449 -0.887559 0.015008 152.345 0.887667 0.460484 -0.0012464 115.787 -0.0058047 0.013896 0.999887 0.986964
0.460934 -0.887392 0.00861658 152.754 0.887422 0.460957 0.000744912 116.528 -0.0046329 0.00730319 0.999963 0.977336
0.460921 -0.88744 0.000949772 153.133 0.887416 0.460916 0.00704941 117.268 -0.0066937 -0.00240638 0.999975 0.95281
0.459107 -0.888378 0.00228747 153.875 0.888295 0.459097 0.0126891 118.761 -0.0123229 -0.00379372 0.999917 0.962949
0.458052 -0.888908 0.00560224 154.237 0.888853 0.458086 0.00985248 119.514 -0.0113243 0.000466627 0.999936 0.977422
0.457089 -0.889399 0.00621902 154.594 0.889396 0.457117 0.00424581 120.252 -0.00661904 0.00359046 0.999972 1.0003
0.456457 -0.889743 0.0019756 154.96 0.88974 0.456461 0.00256896 120.992 -0.0031875 0.000585148 0.999995 1.02395
0.455618 -0.890166 -0.00417747 155.347 0.89014 0.455552 0.0110982 121.722 -0.00797619 -0.00877507 0.99993 0.944519
0.453589 -0.89121 -0.000909241 155.725 0.890989 0.453453 0.0227795 122.439 -0.0198891 -0.0111427 0.99974 0.946178
0.452139 -0.891866 0.0120538 156.061 0.89162 0.452298 0.0210049 123.116 -0.0241854 0.00125032 0.999707 0.998864
0.45092 -0.892306 0.0214752 156.389 0.892275 0.451256 0.0146282 123.801 -0.0227437 0.0125657 0.999662 1.03843
0.452347 -0.891788 0.00981187 156.726 0.891761 0.452427 0.00854909 124.469 -0.0120631 0.00488269 0.999915 0.967801
0.453782 -0.891112 0.000982849 157.043 0.8911 0.453781 0.00499452 125.118 -0.00489668 -0.00139061 0.999987 0.970836
0.454297 -0.890833 -0.00556839 157.357 0.890849 0.454276 0.00465375 125.724 -0.00161613 -0.00707478 0.999974 0.942967
0.456311 -0.889796 -0.00659619 157.665 0.88982 0.456303 0.00276145 126.321 0.000552734 -0.00712951 0.999974 0.954194
0.460088 -0.887848 -0.00661932 157.952 0.887872 0.460089 0.00155627 126.916 0.00166374 -0.00659313 0.999977 0.974284
0.464773 -0.885405 -0.00663434 158.252 0.88543 0.464753 0.00437216 127.519 -0.000787806 -0.0079063 0.999968 0.977472
0.470812 -0.882224 -0.00405206 158.575 0.882184 0.470733 0.0127112 128.094 -0.00930672 -0.00955927 0.999911 0.966499
0.476156 -0.879355 -0.00326362 158.906 0.879196 0.475991 0.0211426 128.675 -0.0170384 -0.0129365 0.999771 0.97928
0.481213 -0.876566 -0.0081628 159.206 0.87646 0.480945 0.0225543 129.264 -0.0158444 -0.0180078 0.999712 0.973072
0.486656 -0.873513 -0.0119079 159.501 0.873535 0.48642 0.0182285 129.842 -0.0101306 -0.019273 0.999763 0.977867
0.492895 -0.869985 -0.0134692 159.813 0.870088 0.492814 0.00902264 130.423 -0.00121175 -0.0161666 0.999869 0.979277
0.500242 -0.865687 -0.0185279 160.131 0.865862 0.500272 0.00333809 130.998 0.00637924 -0.0177125 0.999823 0.981897
0.506707 -0.861938 -0.0176155 160.491 0.8621 0.506722 0.00393265 131.566 0.00553647 -0.017179 0.999837 1.02181
0.512387 -0.85863 -0.0146118 160.836 0.858751 0.512359 0.00591155 132.113 0.00241066 -0.0155769 0.999876 1.04429
0.517689 -0.855542 -0.00673542 161.183 0.855563 0.51764 0.00774946 132.658 -0.00314346 -0.00977439 0.999947 1.05442
0.522644 -0.852551 -0.000869123 161.528 0.85252 0.522616 0.00907471 133.204 -0.00728243 -0.00548379 0.999958 1.06589
0.52655 -0.850144 0.000306757 161.862 0.850092 0.526521 0.0108876 133.745 -0.00941751 -0.00547207 0.999941 1.07527
0.527457 -0.84958 -0.00140699 162.195 0.849521 0.527399 0.0128293 134.273 -0.0101575 -0.0079622 0.999917 1.0681
0.525892 -0.850551 -3.04302e-05 162.893 0.850428 0.525815 0.0170525 135.451 -0.014488 -0.00899363 0.999855 1.06303
0.525818 -0.850597 -0.000379411 163.256 0.850449 0.525718 0.0188832 136.034 -0.0158625 -0.0102518 0.999822 1.06172
0.52587 -0.850523 -0.00839501 163.602 0.850475 0.525645 0.0197416 136.605 -0.0123779 -0.0175213 0.99977 1.02556
0.52536 -0.850724 -0.016291 163.926 0.850869 0.525159 0.0151739 137.153 -0.00435336 -0.0218333 0.999752 1.0046
0.523379 -0.851887 -0.0190684 164.241 0.852092 0.52334 0.00740163 137.676 0.00367391 -0.0201219 0.999791 1.01813
0.519891 -0.854086 -0.0158323 164.56 0.854188 0.519964 -0.000557373 138.208 0.0087083 -0.013234 0.999874 1.07536
0.516161 -0.856351 -0.0154813 164.912 0.856486 0.516139 0.00570543 138.803 0.00310463 -0.0162044 0.999864 1.08597
0.512749 -0.858422 -0.0141029 165.238 0.85852 0.512562 0.0149505 139.431 -0.00560528 -0.0197735 0.999789 1.09354
0.509555 -0.860415 -0.00623237 165.597 0.860245 0.509274 0.0248565 140.069 -0.018213 -0.0180271 0.999672 1.09892
0.506087 -0.862473 0.00404896 165.976 0.861988 0.505951 0.0314609 140.682 -0.0291828 -0.0124318 0.999497 1.0911
0.504043 -0.863665 0.00480665 166.332 0.863179 0.503933 0.0312206 141.276 -0.0293864 -0.0115875 0.999501 1.06011
0.502121 -0.864796 0.00175133 166.672 0.864429 0.501965 0.0281782 141.863 -0.0252475 -0.012635 0.999601 1.04852
0.499243 -0.866458 -0.002561 167.008 0.866288 0.499081 0.0215164 142.444 -0.0173649 -0.0129605 0.999765 1.04048
