0.472532 -0.880958 0.0250476 0.77206 0.881312 0.472397 -0.0114274 0.536915 -0.00176537 0.0274746 0.999621 1.08572
0.471394 -0.881645 0.0221397 1.08002 0.881922 0.471212 -0.0131364 1.1185 0.00114916 0.0257179 0.999669 1.08578
0.469952 -0.882527 0.0170779 1.48533 0.882675 0.469734 -0.0153177 1.88686 0.0054962 0.0222728 0.999737 1.08863
0.4683 -0.883508 0.0104163 1.88901 0.883514 0.468106 -0.0167333 2.66023 0.00990813 0.0170392 0.999806 1.09555
0.465027 -0.885294 0.00216406 2.7554 0.885138 0.464896 -0.0200756 4.33526 0.0167668 0.0112512 0.999796 1.11617
0.463352 -0.886156 -0.00575469 3.07314 0.885892 0.463359 -0.0222487 4.98774 0.0223823 0.00521093 0.999736 1.13164
0.460512 -0.887461 -0.0184522 3.53736 0.886955 0.460875 -0.0300824 5.94658 0.0352011 -0.00251297 0.999377 1.16187
0.458497 -0.88826 -0.0278185 3.86834 0.887589 0.459263 -0.0355499 6.66224 0.0443536 -0.0083918 0.998981 1.19359
0.457122 -0.888761 -0.0338164 4.20362 0.888151 0.458166 -0.035654 7.38553 0.0471814 -0.0137358 0.998792 1.22831
0.456799 -0.88879 -0.0372392 4.55325 0.888502 0.457901 -0.0298274 8.12727 0.0435622 -0.019462 0.998861 1.2582
0.457324 -0.888416 -0.0396399 4.977 0.888421 0.458399 -0.0240311 9.0032 0.0395205 -0.0242269 0.998925 1.28356
0.458726 -0.887789 -0.0374345 5.31669 0.888024 0.45952 -0.0159389 9.69221 0.0313523 -0.0259312 0.999172 1.28865
0.460666 -0.886974 -0.0326152 5.6591 0.887355 0.461057 -0.00526026 10.377 0.0197032 -0.026518 0.999454 1.28245
0.462586 -0.885997 -0.0319959 6.15749 0.886433 0.462856 -0.00116843 11.3514 0.0158447 -0.0278217 0.999487 1.27453
0.464168 -0.885228 -0.0303148 6.50105 0.885694 0.464243 0.00495691 12.0324 0.00968545 -0.0291505 0.999528 1.25795
0.465751 -0.884349 -0.03167 7.02237 0.884851 0.465852 0.00456462 13.0434 0.0107168 -0.0301492 0.999488 1.2512
0.467358 -0.883691 -0.0258096 7.3772 0.884066 0.467221 0.0114985 13.7148 0.00189763 -0.0281913 0.999601 1.24145
0.468244 -0.883389 -0.0192673 7.93831 0.883579 0.467973 0.0170103 14.7686 -0.00601009 -0.0249892 0.99967 1.23077
0.468376 -0.883442 -0.0123932 8.3738 0.883383 0.467997 0.0247677 15.5978 -0.0160809 -0.0225485 0.999616 1.21001
0.468191 -0.883623 -0.00256841 8.82694 0.883315 0.467947 0.0279472 16.4438 -0.0234929 -0.0153533 0.999606 1.18172
0.468015 -0.883705 0.00536128 9.22747 0.883214 0.467943 0.0310193 17.1902 -0.0299207 -0.00978235 0.999504 1.153
0.466996 -0.884226 0.00773639 9.76853 0.883771 0.467011 0.0291546 18.1935 -0.0293922 -0.00677786 0.999545 1.12378
0.464633 -0.885466 0.00812256 10.7181 0.885011 0.464661 0.0290851 19.9822 -0.0295281 -0.00632536 0.999544 1.09064
0.464518 -0.885509 0.0098442 11.1309 0.884858 0.464562 0.0347503 20.7786 -0.035345 -0.0074314 0.999348 1.0839
0.462864 -0.886401 0.0071178 11.7082 0.885799 0.462822 0.033981 21.8929 -0.0334151 -0.00942364 0.999397 1.06724
0.462733 -0.886452 0.00897094 12.061 0.88573 0.46273 0.0369276 22.5795 -0.0368857 -0.00914179 0.999278 1.06388
0.461959 -0.886851 0.00943661 12.6137 0.886137 0.461976 0.036602 23.6472 -0.03682 -0.00854648 0.999285 1.05046
0.461204 -0.887283 0.0044285 13.0859 0.886608 0.461037 0.0370323 24.5694 -0.0348998 -0.0131531 0.999304 1.0432
0.461647 -0.887056 0.00386203 13.4362 0.886301 0.461426 0.0394601 25.2586 -0.0367854 -0.0147937 0.999214 1.04007
0.461504 -0.887133 0.00292539 13.9455 0.886477 0.461284 0.0370937 26.2479 -0.0342565 -0.0145256 0.999308 1.02602
0.461933 -0.886914 0.000920216 14.3659 0.886368 0.461684 0.034641 27.0735 -0.0311484 -0.0151862 0.999399 1.0189
0.461136 -0.887324 -0.00300854 14.9096 0.886982 0.460858 0.0295475 28.1333 -0.0248317 -0.0162939 0.999559 1.01287
0.46072 -0.887542 -0.00235235 15.2659 0.887191 0.46046 0.0294633 28.8464 -0.0250667 -0.0156613 0.999563 1.01821
0.458926 -0.888465 -0.00411199 15.8441 0.888265 0.458712 0.0238627 29.9778 -0.019315 -0.0146038 0.999707 1.01402
0.459006 -0.888424 -0.00402883 16.1517 0.88822 0.458791 0.0240014 30.5774 -0.019475 -0.0145953 0.999704 1.01839
0.45825 -0.888768 -0.00988246 16.6694 0.888743 0.458032 0.018497 31.5968 -0.0119131 -0.0172592 0.99978 1.02284
0.457951 -0.888891 -0.0123985 17.093 0.888941 0.457762 0.0153954 32.4357 -0.00800931 -0.0180719 0.999805 1.03671
0.457605 -0.889077 -0.0118505 17.5595 0.889114 0.457414 0.0157513 33.3485 -0.00858353 -0.0177443 0.999806 1.05086
0.458113 -0.888864 -0.00734498 17.9328 0.88878 0.457906 0.019794 34.0783 -0.0142309 -0.015596 0.999777 1.06141
0.457847 -0.889017 -0.00490617 18.4723 0.888903 0.457681 0.0194873 35.13 -0.0150791 -0.0132833 0.999798 1.06044
0.457572 -0.889167 -0.00316492 18.9276 0.889087 0.457476 0.0155012 36.0198 -0.0123353 -0.00990681 0.999875 1.05855
0.457278 -0.889323 -0.000988729 19.3453 0.889264 0.457233 0.0121688 36.8361 -0.0103699 -0.00644377 0.999925 1.06147
0.457333 -0.889292 0.00269215 19.6956 0.88918 0.45732 0.0147519 37.521 -0.0143499 -0.00435274 0.999888 1.06617
0.456237 -0.889838 0.00607908 20.2448 0.889712 0.456275 0.0150343 38.6029 -0.0161519 -0.00145059 0.999869 1.06436
0.455652 -0.890099 0.0102186 20.6599 0.889931 0.455765 0.0173493 39.4208 -0.0200998 0.00118862 0.999797 1.06679
0.455587 -0.890112 0.011909 21.0448 0.889846 0.455742 0.0217716 40.1828 -0.0248066 0.000678333 0.999692 1.06269
0.455442 -0.890185 0.0119753 21.4404 0.889839 0.455599 0.024833 40.9767 -0.0275619 -0.000653893 0.99962 1.0471
0.453816 -0.89108 0.00530965 21.9535 0.89092 0.453837 0.0171288 41.9985 -0.0176728 -0.00304283 0.999839 1.03014
0.45281 -0.891607 0.000258572 22.3469 0.891556 0.452787 0.0106247 42.7909 -0.00959014 -0.00458044 0.999943 1.03203
0.451988 -0.89201 -0.00499579 22.7387 0.891992 0.451918 0.0109617 43.5854 -0.00752027 -0.00941077 0.999927 1.0408
0.451838 -0.892082 -0.0056473 23.0891 0.89202 0.451704 0.016238 44.3017 -0.0119347 -0.0123744 0.999852 1.05081
0.449101 -0.8934 -0.0120253 23.9929 0.893426 0.448883 0.0171485 46.1246 -0.00992253 -0.0184452 0.999781 1.04375
0.448198 -0.89383 -0.0136531 24.3142 0.893882 0.447953 0.0177051 46.7908 -0.00970945 -0.0201396 0.99975 1.05265
0.447193 -0.894314 -0.0148656 24.6711 0.894371 0.446894 0.0196561 47.5289 -0.0109354 -0.0220854 0.999696 1.05691
0.445893 -0.894953 -0.0154597 25.0537 0.89502 0.445583 0.019893 48.3121 -0.0109147 -0.0227069 0.999683 1.05981
0.445493 -0.895182 -0.013595 25.342 0.895168 0.445137 0.0229511 48.9064 -0.0144938 -0.0223943 0.999644 1.06214
0.444028 -0.895887 -0.015014 25.781 0.895893 0.443631 0.0238037 49.8072 -0.0146647 -0.0240204 0.999604 1.06074
0.443226 -0.896273 -0.0156395 26.1086 0.896236 0.44273 0.0274088 50.4888 -0.0176417 -0.0261649 0.999502 1.06182
0.442349 -0.896693 -0.0163993 26.4338 0.896605 0.441736 0.0311102 51.1692 -0.0206522 -0.0284652 0.999381 1.06029
0.440995 -0.89727 -0.0207423 26.7769 0.897321 0.440312 0.0306644 51.8833 -0.0183812 -0.0321353 0.999314 1.05482
0.440662 -0.897362 -0.0236129 27.0181 0.897525 0.43996 0.0297356 52.4069 -0.0162949 -0.0342966 0.999279 1.05085
0.439343 -0.897859 -0.0287616 27.3735 0.898292 0.438854 0.0218904 53.1716 -0.00703239 -0.0354537 0.999347 1.04897
0.439039 -0.897956 -0.0303166 27.6193 0.89845 0.438567 0.0211255 53.7098 -0.00567392 -0.0365129 0.999317 1.05991
0.438548 -0.898129 -0.0322411 27.9667 0.898689 0.438023 0.0222111 54.4451 -0.00582607 -0.0387153 0.999233 1.07288
0.438366 -0.898257 -0.0311435 28.1966 0.898726 0.437636 0.0276742 54.944 -0.011229 -0.0401209 0.999132 1.08608
0.43723 -0.898836 -0.0303796 28.5091 0.899289 0.436559 0.0263789 55.6 -0.0104478 -0.0388537 0.99919 1.08833
0.436814 -0.899166 -0.0263387 28.7456 0.899512 0.436332 0.0222031 56.094 -0.00847184 -0.0333906 0.999406 1.08977
0.436917 -0.899192 -0.023597 29.0637 0.899502 0.436776 0.0110996 56.7545 0.000325908 -0.0260752 0.99966 1.09306
0.438403 -0.898502 -0.022268 29.2537 0.898778 0.438282 0.0103267 57.1612 0.000481148 -0.0245413 0.999699 1.10485
0.446313 -0.894487 -0.0263997 29.7965 0.894875 0.44606 0.0151318 58.2789 -0.00175939 -0.030378 0.999537 1.11707
0.449715 -0.89293 -0.020797 29.9887 0.893145 0.449397 0.0182911 58.6553 -0.00698656 -0.0268005 0.999616 1.13341
0.457446 -0.889138 -0.0132671 30.2873 0.889164 0.457167 0.0196401 59.2416 -0.0113975 -0.0207809 0.999719 1.14391
0.465791 -0.8848 -0.0129486 30.5092 0.884797 0.465472 0.0216905 59.6869 -0.0131646 -0.0215601 0.999681 1.14328
0.473989 -0.880425 -0.0136844 30.7261 0.880397 0.473588 0.0248199 60.0919 -0.0153713 -0.0238121 0.999598 1.13719
0.485363 -0.874195 -0.0143329 30.9546 0.87412 0.484846 0.0289631 60.5093 -0.0183702 -0.0265863 0.999478 1.13255
0.505995 -0.86243 -0.013528 31.2585 0.86238 0.505543 0.0269646 61.0071 -0.0164161 -0.0253102 0.999545 1.13599
0.522625 -0.852528 -0.00764415 31.4769 0.852395 0.522323 0.0245293 61.3133 -0.0169192 -0.0193355 0.99967 1.14651
0.552221 -0.833695 -0.00192007 31.8059 0.833563 0.552089 0.0192601 61.7625 -0.014997 -0.0122363 0.999813 1.15721
0.572682 -0.81977 0.00354657 32.0315 0.819603 0.572644 0.0181477 62.0383 -0.0169079 -0.00748609 0.999829 1.16225
0.609161 -0.793016 0.00698675 32.3871 0.792883 0.609191 0.014919 62.4659 -0.0160873 -0.00354841 0.999864 1.16087
0.639781 -0.768496 0.00972019 32.673 0.768396 0.639854 0.0124433 62.7763 -0.0157822 -0.000492061 0.999875 1.1499
0.666132 -0.745711 0.0135512 32.9253 0.74561 0.666267 0.0123927 63.0327 -0.0182701 0.00184874 0.999831 1.13774
0.7125 -0.701578 0.0115032 33.3266 0.701515 0.712592 0.0094653 63.4241 -0.0148377 0.00132562 0.999889 1.12209
0.744784 -0.66722 0.010705 33.6008 0.667204 0.744855 0.00545738 63.6428 -0.0116149 0.00307786 0.999928 1.11863
0.784512 -0.620057 0.00843257 33.9337 0.620078 0.78454 9.03588e-05 63.8793 -0.00667172 0.00515797 0.999964 1.11491
0.820021 -0.572284 0.00750327 34.2511 0.572318 0.820024 -0.00355618 64.0721 -0.00411772 0.0072104 0.999965 1.10975
0.887596 -0.460592 0.00534365 34.9435 0.460624 0.887537 -0.0102363 64.4183 -2.79043e-05 0.0115471 0.999933 1.09304
0.910372 -0.413738 0.00653752 35.2189 0.413789 0.910281 -0.0129096 64.5058 -0.000609793 0.0144577 0.999895 1.09355
0.942294 -0.33473 0.00614177 35.6614 0.334786 0.942138 -0.0171404 64.6124 -4.89913e-05 0.0182075 0.999834 1.09084
0.962165 -0.272357 0.0077843 36.007 0.272457 0.961986 -0.0186835 64.6532 -0.00239982 0.0200975 0.999795 1.0832
0.975356 -0.220313 0.0119578 36.3093 0.22052 0.975173 -0.0202216 64.6613 -0.0072058 0.0223602 0.999724 1.0684
0.990332 -0.138211 0.0118482 36.7682 0.138465 0.990068 -0.0243588 64.6523 -0.00836388 0.0257639 0.999633 1.04404
0.995818 -0.0903614 0.0134898 37.0576 0.090667 0.99559 -0.0240856 64.6553 -0.0112539 0.025208 0.999619 1.03182
0.999331 -0.0328808 0.0159823 37.462 0.0331798 0.999272 -0.0188221 64.6751 -0.0153518 0.0193398 0.999695 1.02218
0.999337 0.0325135 0.0163691 37.9522 -0.0324527 0.999465 -0.00396421 64.7135 -0.0164892 0.00343037 0.999858 1.01355
0.997157 0.0728608 0.0192421 38.3237 -0.0730677 0.997274 0.0102834 64.775 -0.0184404 -0.0116601 0.999762 1.00046
0.992681 0.118891 0.0212169 38.7662 -0.119317 0.992653 0.0201086 64.8296 -0.0186703 -0.0224929 0.999573 0.955613
0.988239 0.150569 0.0266975 39.1398 -0.151145 0.988287 0.0210679 64.8777 -0.0232126 -0.0248553 0.999422 0.889025
0.981223 0.190442 0.0305394 39.6137 -0.191001 0.981451 0.0165252 64.8875 -0.0268259 -0.022048 0.999397 0.820975
0.973841 0.225422 0.0286019 40.0371 -0.225921 0.974021 0.015589 64.8562 -0.0243448 -0.021643 0.999469 0.755176
0.965664 0.258865 0.0219459 40.4331 -0.259296 0.965596 0.01975 64.784 -0.0160783 -0.0247623 0.999564 0.701537
0.95897 0.282867 0.0190275 40.7216 -0.283202 0.95889 0.0180754 64.6784 -0.0131323 -0.0227224 0.999656 0.672068
0.948023 0.31796 0.0123943 41.1453 -0.318109 0.947969 0.0127428 64.5027 -0.00769771 -0.0160232 0.999842 0.636781
0.939558 0.34228 0.00869095 41.4547 -0.342315 0.93958 0.0029621 64.3359 -0.00715198 -0.00575812 0.999958 0.612092
0.92825 0.371946 -0.00288407 41.8918 -0.371957 0.928216 -0.00794681 64.1081 -0.000278747 0.00844938 0.999964 0.572674
0.920671 0.390213 -0.00995294 42.1993 -0.39032 0.92058 -0.0135056 63.9312 0.00389241 0.0163191 0.999859 0.550199
0.909693 0.414882 -0.0182115 42.6631 -0.415158 0.909618 -0.0154402 63.6624 0.0101597 0.0216065 0.999715 0.557092
0.892551 0.450559 -0.0186909 43.4401 -0.450898 0.892299 -0.0222382 63.1536 0.00665827 0.0282764 0.999578 0.638022
0.88527 0.464717 -0.0182888 43.7436 -0.465065 0.88485 -0.0274729 62.912 0.00341576 0.0328264 0.999455 0.708489
0.87735 0.479308 -0.0228375 44.2525 -0.479829 0.876777 -0.0320292 62.5602 0.00467162 0.0390589 0.999226 0.766748
0.87262 0.48779 -0.0243966 44.6834 -0.488382 0.871923 -0.035123 62.3092 0.00413931 0.0425639 0.999085 0.786925
0.868973 0.494291 -0.0236996 45.1414 -0.494853 0.8682 -0.036726 62.0555 0.00242266 0.0436418 0.999044 0.786449
0.866423 0.498789 -0.0228223 45.6079 -0.499309 0.865633 -0.0370205 61.7972 0.00129031 0.0434708 0.999054 0.779408
0.864699 0.501911 -0.0195439 46.0382 -0.502286 0.863862 -0.0380974 61.5537 -0.00223826 0.0427594 0.999083 0.763289
0.861579 0.507228 -0.0200331 46.6422 -0.507622 0.860799 -0.0366753 61.2044 -0.00135825 0.0417679 0.999126 0.742749
0.860155 0.509776 -0.016173 47.0861 -0.510006 0.85936 -0.0373239 60.9493 -0.00512838 0.0403527 0.999172 0.720095
0.858418 0.512709 -0.0157551 47.7487 -0.512925 0.857654 -0.0365691 60.5705 -0.00523689 0.0394728 0.999207 0.694144
0.857933 0.513645 -0.010933 48.2124 -0.513677 0.857214 -0.0363297 60.3117 -0.00928859 0.0367845 0.99928 0.669758
0.856601 0.515824 -0.0126475 48.9603 -0.515943 0.855991 -0.0328966 59.8834 -0.00614266 0.0347046 0.999379 0.647769
0.856596 0.51581 -0.0135311 49.4614 -0.515963 0.856004 -0.0322276 59.6015 -0.00504061 0.0345876 0.999389 0.634763
0.857314 0.514659 -0.0117903 49.9495 -0.514745 0.856688 -0.0335161 59.3245 -0.00714874 0.0348028 0.999369 0.62314
0.85902 0.511691 -0.0160423 50.7376 -0.511936 0.858429 -0.0319516 58.8729 -0.0025782 0.0356597 0.999361 0.611384
0.861129 0.508137 -0.0159038 51.2811 -0.508381 0.860565 -0.0312491 58.5689 -0.0021926 0.0349947 0.999385 0.599325
0.863892 0.503416 -0.0162104 51.953 -0.503676 0.863369 -0.0300785 58.1923 -0.00114648 0.0341494 0.999416 0.58681
0.866007 0.499908 -0.0111749 52.4708 -0.499998 0.865466 -0.0311586 57.9099 -0.00590496 0.0325709 0.999452 0.573426
0.869285 0.494189 -0.0110294 53.3242 -0.494289 0.868815 -0.0289542 57.4404 -0.00472635 0.0306211 0.99952 0.563993
0.871192 0.490914 -0.00526976 53.844 -0.490856 0.870787 -0.028118 57.1658 -0.00921468 0.0270829 0.999591 0.552871
0.87459 0.484846 -0.00411734 54.7443 -0.484808 0.874329 -0.0225584 56.685 -0.00733744 0.0217254 0.999737 0.539828
0.877113 0.48027 -0.00351774 55.4145 -0.480253 0.876954 -0.0175797 56.336 -0.00535814 0.0171088 0.999839 0.526589
0.879245 0.476358 -0.00325249 56.1041 -0.476358 0.879157 -0.0128739 55.9767 -0.00327314 0.0128687 0.999912 0.508337
0.880215 0.474576 -0.000271944 56.6897 -0.474557 0.880176 -0.00928608 55.6743 -0.00416759 0.0083028 0.999957 0.491044
0.881227 0.47267 -0.00468356 57.6602 -0.472674 0.881238 0.000396568 55.1678 0.00431477 0.00186433 0.999989 0.485375
0.881362 0.47244 0.00107126 58.1711 -0.472441 0.881358 0.00259369 54.9185 0.000281202 -0.00279209 0.999996 0.485466
0.88163 0.471912 0.00522727 59.0586 -0.471938 0.881608 0.00652268 54.465 -0.00153027 -0.00821754 0.999965 0.4905
0.882044 0.471139 0.00516468 59.8156 -0.471167 0.881996 0.00916172 54.0757 -0.000238786 -0.0105145 0.999945 0.496408
0.882133 0.470904 0.00954098 60.3817 -0.470985 0.882088 0.00968383 53.7872 -0.00385583 -0.0130361 0.999908 0.495393
0.882766 0.469737 0.00838157 62.0539 -0.469809 0.882556 0.0193386 52.9214 0.00168686 -0.0210092 0.999778 0.488269
0.882526 0.470077 0.0132426 62.5672 -0.47026 0.882275 0.0211304 52.6695 -0.00175067 -0.0248756 0.999689 0.481716
0.881603 0.471833 0.0122381 63.5246 -0.471983 0.881129 0.0290469 52.1819 0.00292195 -0.031384 0.999503 0.47832
0.880512 0.473667 0.018383 64.0201 -0.474021 0.879983 0.0305662 51.9403 -0.00169856 -0.0356278 0.999364 0.474283
0.877918 0.47832 0.0216801 64.9439 -0.478808 0.87718 0.0360201 51.4708 -0.00178818 -0.0420033 0.999116 0.476501
0.875885 0.481708 0.0279879 65.4844 -0.482473 0.875134 0.0368864 51.1995 -0.00672468 -0.0458116 0.998927 0.476989
0.871853 0.488856 0.0298558 66.3539 -0.48973 0.870916 0.0408629 50.7402 -0.00602582 -0.0502478 0.998719 0.472167
0.868031 0.495596 0.0301093 67.0332 -0.496492 0.866917 0.0441607 50.3784 -0.00421645 -0.0532819 0.998571 0.470188
0.863029 0.50434 0.0286675 67.7599 -0.505153 0.861768 0.0466596 49.9767 -0.00117242 -0.05475 0.998499 0.469527
0.859168 0.510741 0.0312122 68.3025 -0.511682 0.857973 0.0454305 49.6701 -0.00357605 -0.0550031 0.99848 0.470731
0.852062 0.522509 0.0312162 69.1587 -0.523435 0.850802 0.0463855 49.1611 -0.00232201 -0.055863 0.998436 0.468564
0.846435 0.531552 0.0316212 69.8021 -0.532485 0.845222 0.0453781 48.7621 -0.00260613 -0.0552475 0.998469 0.46591
0.84195 0.538429 0.0348579 70.3447 -0.539513 0.840942 0.0417484 48.4168 -0.00683493 -0.0539564 0.99852 0.460808
0.8342 0.550446 0.0334624 71.1733 -0.551441 0.833163 0.0418573 47.8744 -0.00483948 -0.0533699 0.998563 0.456314
0.8284 0.559194 0.0325071 71.7974 -0.560127 0.827348 0.041879 47.4538 -0.00347621 -0.0529007 0.998594 0.455419
0.823932 0.56565 0.0342893 72.3213 -0.56666 0.822981 0.0399726 47.0979 -0.00560899 -0.0523652 0.998612 0.454024
0.815893 0.577401 0.0304557 73.1524 -0.578203 0.814777 0.0426413 46.5266 -0.000193512 -0.0524004 0.998626 0.453167
0.810837 0.584521 0.0296358 73.6826 -0.58527 0.809678 0.0433636 46.156 0.00135148 -0.0525057 0.99862 0.452747
0.806469 0.590444 0.0313715 74.1775 -0.591276 0.805394 0.0416169 45.8014 -0.000693982 -0.052112 0.998641 0.452369
0.799465 0.600011 0.029014 74.9051 -0.60071 0.798397 0.0413397 45.2586 0.00163959 -0.0504787 0.998724 0.453977
0.794702 0.606338 0.028335 75.459 -0.606998 0.793727 0.0393696 44.8337 0.00138103 -0.0484864 0.998823 0.456395
0.790049 0.612467 0.0265967 76.0988 -0.613041 0.789178 0.0371396 44.3413 0.00175723 -0.045647 0.998956 0.458231
0.787223 0.616115 0.0261226 76.6272 -0.616668 0.786494 0.0338736 43.9314 0.000324726 -0.0427751 0.999085 0.453552
0.785973 0.617557 0.0294951 77.0262 -0.618238 0.785464 0.0287894 43.6187 -0.0053882 -0.0408627 0.99915 0.444348
0.78394 0.620131 0.0295883 77.7089 -0.620803 0.783503 0.0269552 43.0823 -0.00646675 -0.0394998 0.999199 0.434621
0.783158 0.621096 0.0300572 78.2199 -0.621777 0.782771 0.0257382 42.6748 -0.00754197 -0.038846 0.999217 0.427887
0.7832 0.621117 0.0284855 78.7614 -0.621739 0.782792 0.0260159 42.2496 -0.00613927 -0.0380862 0.999256 0.42133
0.784497 0.619558 0.0267024 79.2401 -0.620115 0.784075 0.0261608 41.8726 -0.00472855 -0.0370816 0.999301 0.419838
0.78694 0.616484 0.0259466 79.7124 -0.617015 0.786515 0.0262113 41.5064 -0.00424854 -0.0366362 0.99932 0.419817
0.791182 0.611036 0.0258189 80.2155 -0.611571 0.790705 0.0276737 41.1259 -0.00350551 -0.037685 0.999283 0.422671
0.795122 0.605781 0.0284747 80.5743 -0.606417 0.794691 0.0269143 40.868 -0.00632441 -0.0386677 0.999232 0.430466
0.804835 0.592894 0.0267913 81.1453 -0.59348 0.804347 0.0283896 40.4442 -0.00471753 -0.0387491 0.999238 0.441099
0.814467 0.579709 0.0240839 81.5853 -0.580206 0.813896 0.0305595 40.1325 -0.00188618 -0.0388633 0.999243 0.462932
0.824141 0.565953 0.0221079 81.9526 -0.566385 0.823536 0.0315624 39.8868 -0.000343848 -0.0385334 0.999257 0.488049
0.836704 0.547264 0.0207195 82.374 -0.547655 0.836034 0.0334951 39.6299 0.00100844 -0.0393727 0.999224 0.512743
0.853673 0.520474 0.0187179 82.8758 -0.520803 0.852916 0.0360286 39.3523 0.00278714 -0.040505 0.999175 0.536588
0.867788 0.496503 0.0207291 83.2832 -0.496935 0.867044 0.0359052 39.1536 -0.000145994 -0.0414592 0.99914 0.557866
0.881127 0.472163 0.0260035 83.6785 -0.472827 0.880511 0.0336751 38.9796 -0.00699618 -0.0419672 0.999094 0.577712
0.906046 0.42211 0.0300425 84.3246 -0.422964 0.905561 0.0325747 38.7335 -0.0134551 -0.0422211 0.999018 0.603149
0.918335 0.394335 0.0340674 84.6544 -0.395343 0.918016 0.0308438 38.6279 -0.0191116 -0.0417932 0.998943 0.614775
0.93651 0.348573 0.0380233 85.1457 -0.349741 0.936361 0.0301496 38.4888 -0.0250942 -0.0415337 0.998822 0.632307
0.957711 0.285106 0.0387801 85.7418 -0.286372 0.957575 0.0322698 38.3664 -0.0279345 -0.0420107 0.998727 0.650286
0.972138 0.231348 0.037758 86.2087 -0.232592 0.972024 0.0327238 38.3031 -0.0291311 -0.0405943 0.998751 0.662132
0.982188 0.184062 0.0377788 86.6141 -0.185262 0.982196 0.0311375 38.2753 -0.031375 -0.0375818 0.998801 0.6622
0.994193 0.103039 0.0310252 87.2261 -0.103922 0.994182 0.0283386 38.2646 -0.0279247 -0.0313982 0.999117 0.660423
0.998342 0.0508251 0.0270064 87.6079 -0.0515261 0.998335 0.0259288 38.2909 -0.0256436 -0.0272773 0.999299 0.66171
0.999091 -0.0392958 0.0165109 88.213 0.0389101 0.998976 0.02307 38.3658 -0.0174005 -0.0224066 0.999597 0.667315
0.993384 -0.114561 0.00800813 88.6931 0.114378 0.993226 0.0204893 38.4618 -0.0103012 -0.0194378 0.999758 0.679947
0.986787 -0.161894 0.00651507 89.0186 0.161752 0.98666 0.018389 38.548 -0.00940522 -0.0170922 0.99981 0.686321
0.966616 -0.256227 0.00136926 89.6299 0.256192 0.966547 0.0123348 38.749 -0.00448397 -0.0115722 0.999923 0.693776
0.954039 -0.299661 0.00351446 89.9267 0.299611 0.954002 0.0106146 38.8704 -0.00653357 -0.00907373 0.999937 0.694005
0.925412 -0.378883 0.00770555 90.4545 0.378806 0.925424 0.0098527 39.1237 -0.0108639 -0.00619891 0.999922 0.699677
0.898182 -0.439479 0.0112738 90.8659 0.439388 0.898244 0.00977359 39.3614 -0.0144219 -0.0038249 0.999889 0.707941
0.868207 -0.495994 0.0143739 91.2669 0.495893 0.868324 0.010156 39.6256 -0.0175185 -0.00168963 0.999845 0.72253
0.833782 -0.551882 0.0152801 91.6729 0.551783 0.833922 0.0104557 39.9341 -0.0185127 -0.000286516 0.999829 0.746557
0.796823 -0.604117 0.0107636 92.071 0.604078 0.796895 0.00688136 40.2631 -0.0127346 0.0010188 0.999918 0.773292
0.770854 -0.636977 0.00660207 92.3633 0.636956 0.770883 0.00513221 40.5196 -0.00835852 0.000249039 0.999965 0.797362
0.743117 -0.66916 0.00129539 92.7219 0.669161 0.743117 -0.000219147 40.8401 -0.00081598 0.00102968 0.999999 0.818503
0.720621 -0.693324 -0.00264665 93.0447 0.693303 0.720622 -0.00583445 41.1386 0.00595239 0.0023695 0.999979 0.835341
0.706111 -0.708101 -0.000948928 93.3111 0.708051 0.706076 -0.0109734 41.3922 0.00844032 0.00707657 0.999939 0.843288
0.68715 -0.726515 0.000722695 93.74 0.726342 0.686964 -0.0225442 41.8287 0.0158822 0.0160161 0.999746 0.879159
0.681424 -0.731884 0.00267326 93.9749 0.731689 0.681149 -0.0258195 42.0483 0.017076 0.01955 0.999663 0.910443
0.670839 -0.741596 -0.00308203 94.4224 0.741282 0.670666 -0.0266248 42.5179 0.0218119 0.0155763 0.999641 0.941812
0.668613 -0.743599 -0.00420872 94.6577 0.743339 0.668511 -0.0232248 42.7651 0.0200835 0.0123999 0.999721 0.956327
0.664977 -0.746753 -0.0128779 95.0919 0.746439 0.665082 -0.0222449 43.2377 0.0251763 0.00517979 0.99967 0.979934
0.665295 -0.746466 -0.0130323 95.3633 0.746198 0.665412 -0.0203855 43.5274 0.0238889 0.00383769 0.999707 1.00524
0.666874 -0.745038 -0.0140312 95.795 0.744668 0.666998 -0.0241673 43.9916 0.0273644 0.00566799 0.999609 1.04234
0.670439 -0.741812 -0.0150822 96.1796 0.741212 0.670535 -0.0314156 44.4037 0.0334176 0.00988312 0.999393 1.06967
0.673833 -0.738779 -0.0124215 96.4855 0.738154 0.673819 -0.0331101 44.7184 0.0328309 0.0131417 0.999375 1.08669
0.678582 -0.734404 -0.0133335 96.9576 0.733775 0.678597 -0.0328511 45.2095 0.0331741 0.0125083 0.999371 1.1115
0.68266 -0.730668 -0.00994401 97.3147 0.730284 0.682653 -0.0258668 45.5708 0.0256884 0.0103963 0.999616 1.12381
0.688133 -0.725567 -0.00501347 97.8258 0.725353 0.688072 -0.0204917 46.0917 0.0183178 0.0104645 0.999777 1.13786
0.691847 -0.722036 0.00342041 98.2532 0.72198 0.691715 -0.0165902 46.5201 0.00961279 0.0139474 0.999856 1.14332
0.694768 -0.719132 0.0120832 98.6434 0.719233 0.694689 -0.0105418 46.9104 -0.000813155 0.0160147 0.999871 1.13461
0.698691 -0.715207 0.0176069 99.1822 0.715408 0.698628 -0.0105392 47.4441 -0.00476293 0.0199597 0.999789 1.1204
0.700428 -0.713356 0.0228848 99.575 0.713678 0.700382 -0.0112915 47.8274 -0.00797325 0.0242412 0.999674 1.11027
0.701744 -0.712114 0.0211929 100.186 0.712429 0.701409 -0.0216778 48.426 0.00057217 0.0303107 0.99954 1.107
0.702329 -0.711649 0.0169806 100.646 0.711807 0.701816 -0.0280198 48.8739 0.00802301 0.031766 0.999463 1.11109
0.70207 -0.711908 0.016865 101.026 0.712073 0.701605 -0.0265136 49.2454 0.00704267 0.0306235 0.999506 1.11343
0.700798 -0.71311 0.0188962 101.547 0.713351 0.700407 -0.0236892 49.768 0.00365793 0.030081 0.999541 1.11359
0.699586 -0.714157 0.023658 102.18 0.714547 0.699271 -0.0210507 50.4041 -0.00150985 0.0316316 0.999498 1.10956
0.698479 -0.715057 0.0286495 102.679 0.715577 0.698355 -0.0157688 50.9005 -0.00873196 0.0315151 0.999465 1.10937
0.697523 -0.716001 0.0283675 103.183 0.716484 0.697487 -0.0127795 51.4094 -0.0106358 0.0292388 0.999516 1.1022
0.69684 -0.716754 0.0260525 103.619 0.717139 0.696863 -0.009651 51.8559 -0.0112376 0.0254084 0.999614 1.09776
0.694758 -0.71903 0.0175028 104.261 0.71924 0.694625 -0.0137789 52.525 -0.00225042 0.0221617 0.999752 1.10291
0.692462 -0.721319 0.0140019 104.774 0.721451 0.692268 -0.0165431 53.0648 0.00223981 0.0215571 0.999765 1.10793
0.690742 -0.722907 0.0167853 105.238 0.723101 0.690577 -0.0150819 53.5419 -0.000688716 0.0225552 0.999745 1.11189
0.687605 -0.725823 0.0195152 105.958 0.726085 0.687364 -0.0182199 54.2856 -0.000189608 0.0266978 0.999644 1.11799
0.685123 -0.727983 0.0254463 107.036 0.728413 0.684912 -0.0176019 55.4184 -0.0046146 0.0305949 0.999521 1.12607
0.685044 -0.727819 0.0315252 107.505 0.728424 0.684962 -0.0150482 55.9032 -0.0106411 0.0332724 0.99939 1.13021
0.684882 -0.72791 0.0329108 108.227 0.728576 0.68477 -0.0163602 56.6626 -0.0106276 0.0351829 0.999324 1.12722
0.685244 -0.727578 0.0327271 108.673 0.728191 0.685262 -0.0124436 57.1342 -0.0133729 0.0323585 0.999387 1.12072
0.686034 -0.727182 0.0237227 109.362 0.727532 0.685964 -0.0122489 57.8644 -0.00736578 0.0256622 0.999644 1.11786
0.68679 -0.726725 0.013807 109.956 0.726855 0.686697 -0.0113343 58.5002 -0.00124427 0.01782 0.99984 1.12109
0.688571 -0.725154 0.00470002 110.545 0.725166 0.688534 -0.00737551 59.1333 0.00211225 0.00848686 0.999962 1.1272
0.690458 -0.723355 0.0050102 110.969 0.723363 0.690468 0.000342087 59.5864 -0.00370683 0.003388 0.999987 1.12444
0.693176 -0.720768 0.00105212 111.696 0.720764 0.693176 0.00256431 60.3596 -0.00257757 -0.00101919 0.999996 1.12356
0.69475 -0.719251 0.000928313 112.16 0.71924 0.694746 0.00471898 60.8526 -0.00403907 -0.00261083 0.999988 1.1233
0.696727 -0.717332 0.00267577 112.913 0.717336 0.696727 -0.000875458 61.6387 -0.00123629 0.00252938 0.999996 1.12715
0.697512 -0.716553 0.00533094 113.529 0.716572 0.69748 -0.00682151 62.2732 0.00116975 0.00857809 0.999963 1.13527
0.698071 -0.715953 0.0104521 113.959 0.71602 0.698061 -0.00515683 62.7142 -0.00360414 0.0110837 0.999932 1.13985
0.699514 -0.71457 0.00834814 114.761 0.714615 0.699503 -0.00460396 63.5351 -0.0025497 0.00918624 0.999955 1.14274
0.700466 -0.713639 0.00823087 115.332 0.713659 0.700493 0.000629025 64.1156 -0.00621456 0.00543343 0.999966 1.14382
0.700939 -0.713133 0.0112298 115.766 0.713068 0.701028 0.00968436 64.563 -0.0147787 0.00121949 0.99989 1.139
0.702221 -0.711936 0.00576765 116.56 0.711892 0.702242 0.00810924 65.3726 -0.00982355 -0.00158854 0.99995 1.12626
0.703635 -0.710561 0.00121283 117.076 0.710561 0.703632 -0.00219368 65.8926 0.000705364 0.00240534 0.999997 1.12094
0.703047 -0.711143 0.00070155 118.278 0.711055 0.702943 -0.0164617 67.0944 0.0112135 0.0120722 0.999864 1.13024
0.702859 -0.711205 0.0132918 118.767 0.711308 0.70286 -0.00537672 67.58 -0.00551833 0.0132337 0.999897 1.12546
0.701445 -0.712129 0.029113 119.526 0.71216 0.70193 0.0111085 68.3548 -0.0283459 0.0129411 0.999514 1.12582
0.700655 -0.712804 0.0315243 119.983 0.712694 0.701279 0.0165721 68.8228 -0.03392 0.0108559 0.999366 1.12158
0.699826 -0.714179 0.0138673 120.717 0.714169 0.699943 0.0065486 69.582 -0.0143832 0.00532075 0.999882 1.09939
0.699022 -0.715065 0.00711742 121.134 0.715067 0.699051 0.00272877 70.0154 -0.00692669 0.00318196 0.999971 1.09365
0.697605 -0.716475 0.00311156 121.833 0.716481 0.697588 -0.00510443 70.737 0.00148661 0.00579025 0.999982 1.10084
0.695811 -0.718211 0.00449562 122.386 0.718225 0.6958 -0.00392961 71.3107 -0.000305763 0.00596314 0.999982 1.11086
0.69317 -0.72077 0.00239442 122.976 0.720771 0.693155 -0.00502673 71.9346 0.00196341 0.00521021 0.999985 1.12127
0.689563 -0.724224 -0.00133617 123.551 0.7242 0.689553 -0.00706789 72.5515 0.0060401 0.00390611 0.999974 1.13439
0.686694 -0.72691 -0.00729345 124.112 0.726892 0.686731 -0.00536504 73.1571 0.00890854 -0.00161741 0.999959 1.14326
0.685545 -0.727985 -0.0080875 124.478 0.728019 0.685553 0.00219289 73.5663 0.00394803 -0.00739118 0.999965 1.14857
0.683777 -0.729607 -0.0110813 125.15 0.72969 0.683726 0.00840802 74.2996 0.00144199 -0.0138351 0.999903 1.15462
0.6829 -0.730474 -0.00736804 125.612 0.730481 0.682745 0.0159946 74.8083 -0.00665314 -0.0163049 0.999845 1.15334
0.681672 -0.731639 -0.00528784 126.292 0.731604 0.681517 0.0170348 75.5408 -0.00885958 -0.0154808 0.999841 1.14946
0.680615 -0.732632 -0.00368627 126.733 0.732571 0.680471 0.0172745 76.0168 -0.0101474 -0.0144577 0.999844 1.14984
0.677251 -0.735732 -0.00543427 127.406 0.735746 0.677196 0.00908007 76.7499 -0.00300043 -0.0101477 0.999944 1.15444
0.673063 -0.739557 -0.00646785 127.907 0.739585 0.673051 0.00410762 77.317 0.00131537 -0.0075482 0.999971 1.16154
0.669298 -0.742979 -0.00468769 128.324 0.742988 0.669254 0.00820707 77.8085 -0.00296042 -0.00897587 0.999955 1.1653
0.663277 -0.748374 -0.000651626 128.971 0.748305 0.663204 0.0141764 78.553 -0.0101771 -0.00989053 0.999899 1.15531
0.660473 -0.750819 0.00681899 129.391 0.750566 0.660445 0.0215115 79.0327 -0.0206548 -0.00908966 0.999745 1.14703
0.655818 -0.754905 0.00470634 130.094 0.75453 0.655667 0.0280268 79.8419 -0.0242433 -0.0148294 0.999596 1.13256
0.652477 -0.757806 -0.00192759 130.574 0.757582 0.652218 0.0260872 80.4091 -0.0185118 -0.0184816 0.999658 1.12502
0.649539 -0.760314 -0.00473889 130.934 0.76017 0.649263 0.024489 80.8422 -0.0155426 -0.0195089 0.999689 1.11915
0.642658 -0.766065 -0.0116328 131.569 0.766149 0.642532 0.0129623 81.6125 -0.00245552 -0.0172428 0.999848 1.11977
0.639116 -0.769031 -0.0110342 131.959 0.769099 0.638964 0.0145336 82.1113 -0.00412631 -0.017775 0.999833 1.12407
0.632187 -0.774694 -0.0137405 132.569 0.774775 0.631872 0.0214868 82.885 -0.00796348 -0.0242295 0.999675 1.11452
0.625569 -0.779888 -0.020923 133.092 0.780133 0.625059 0.0263373 83.565 -0.00746201 -0.0327985 0.999434 1.10613
0.620354 -0.783931 -0.024762 133.475 0.784286 0.619715 0.0291362 84.0765 -0.00749536 -0.0374953 0.999269 1.09874
0.604129 -0.796297 -0.030645 134.582 0.796885 0.603613 0.0250167 85.5511 -0.00142301 -0.0395339 0.999217 1.09829
0.599481 -0.799842 -0.0295777 134.961 0.800337 0.598614 0.0334886 86.0958 -0.00907999 -0.0437479 0.999001 1.0973
0.590785 -0.806199 -0.0318868 135.558 0.806706 0.589544 0.0407825 86.9372 -0.0140801 -0.049817 0.998659 1.08899
0.58349 -0.811438 -0.0332717 136.041 0.811981 0.582143 0.0423754 87.6267 -0.0150161 -0.0517417 0.998548 1.0794
0.580118 -0.813933 -0.0312516 136.376 0.814297 0.578601 0.0462736 88.1111 -0.0195814 -0.0522923 0.99844 1.06898
0.573681 -0.818374 -0.0339741 137 0.818933 0.572301 0.0426664 89.0041 -0.0154737 -0.0522994 0.998512 1.05161
0.570863 -0.820199 -0.0372748 137.368 0.820949 0.569512 0.0411982 89.5418 -0.0125623 -0.0541193 0.998455 1.04718
0.566987 -0.822428 -0.0462431 137.858 0.823705 0.565668 0.0391135 90.2662 -0.00600976 -0.0602675 0.998164 1.04463
0.564987 -0.823642 -0.0490306 138.248 0.825087 0.563653 0.0390631 90.843 -0.00453775 -0.0625247 0.998033 1.04524
0.561662 -0.825835 -0.0503196 138.805 0.827352 0.560248 0.0401244 91.6688 -0.0049447 -0.0641684 0.997927 1.04736
0.560404 -0.826859 -0.0474542 139.178 0.828104 0.558449 0.0487616 92.2359 -0.0138182 -0.0666232 0.997682 1.04564
0.55733 -0.829014 -0.0460406 139.769 0.830003 0.554818 0.0572024 93.1342 -0.0218774 -0.0700945 0.9973 1.03073
0.555164 -0.830549 -0.04451 140.082 0.831368 0.552516 0.0596103 93.617 -0.0249168 -0.0700976 0.997229 1.01829
0.548931 -0.834754 -0.0431424 140.669 0.835798 0.547488 0.0411995 94.5094 -0.0107715 -0.0586741 0.998219 0.998209
0.543134 -0.838477 -0.0442846 141.074 0.839646 0.542365 0.0288973 95.1466 -0.000211275 -0.0528785 0.998601 1.00209
0.537485 -0.841952 -0.0471877 141.484 0.843272 0.536749 0.0281755 95.8007 0.00160551 -0.054936 0.998489 1.00625
0.532419 -0.845252 -0.0456007 141.859 0.846467 0.531322 0.0345019 96.4262 -0.00493414 -0.0569689 0.998364 1.00135
0.527392 -0.848732 -0.038878 142.244 0.849513 0.526036 0.0401813 97.0565 -0.0136519 -0.0542186 0.998436 0.997704
0.515313 -0.856661 -0.0241909 143.212 0.856776 0.514323 0.0375051 98.6581 -0.0196872 -0.040053 0.999004 0.972277
0.51142 -0.859082 -0.0206954 143.549 0.85908 0.51054 0.0364719 99.2357 -0.0207665 -0.0364314 0.99912 0.963184
0.504809 -0.862962 -0.0215497 144.075 0.863209 0.50446 0.0197699 100.125 -0.00618971 -0.0285819 0.999572 0.952669
0.49948 -0.866171 -0.0163445 144.502 0.866308 0.499502 0.00304291 100.849 0.00552844 -0.0156793 0.999862 0.954747
0.494111 -0.869297 -0.0133184 144.899 0.869395 0.494096 0.00460815 101.531 0.00257471 -0.0138559 0.999901 0.964547
0.488104 -0.87267 -0.0141828 145.326 0.872747 0.487865 0.0173163 102.294 -0.00819211 -0.0208302 0.999749 0.958948
0.485756 -0.87401 -0.0121516 145.612 0.873848 0.485243 0.0304835 102.825 -0.0207464 -0.0254262 0.999461 0.950742
0.480913 -0.876661 -0.0136945 146.099 0.876399 0.480198 0.0365309 103.727 -0.0254492 -0.02957 0.999239 0.926785
0.477567 -0.878354 -0.0205936 146.546 0.878485 0.477004 0.0270532 104.572 -0.0139391 -0.0310109 0.999422 0.905844
0.47599 -0.879012 -0.0277747 146.816 0.879396 0.475372 0.0261442 105.097 -0.00977773 -0.0368694 0.999272 0.895539
0.472811 -0.880325 -0.0384506 147.307 0.881163 0.472415 0.019364 106.034 0.00111808 -0.0430368 0.999073 0.904744
0.471017 -0.881452 -0.0344287 147.65 0.882124 0.470654 0.0184877 106.688 -9.20035e-05 -0.0390783 0.999236 0.919353
0.470398 -0.882009 -0.0280373 148.007 0.882415 0.469839 0.0243954 107.365 -0.00834396 -0.0362161 0.999309 0.923647
0.470564 -0.881996 -0.0255393 148.505 0.882234 0.469797 0.0308663 108.306 -0.0152257 -0.0370563 0.999197 0.913072
0.470259 -0.882201 -0.0240442 148.811 0.882307 0.469357 0.0351799 108.899 -0.0197504 -0.037758 0.999092 0.897465
0.468575 -0.883053 -0.0255844 149.25 0.883297 0.467821 0.0304905 109.736 -0.0149558 -0.0368857 0.999207 0.87634
0.466876 -0.883962 -0.0252531 149.696 0.884322 0.46672 0.012095 110.579 0.00109465 -0.0279788 0.999608 0.877497
0.464933 -0.885137 -0.0192292 150.076 0.885283 0.465049 -0.00181418 111.284 0.0105483 -0.0161799 0.999813 0.897547
0.464311 -0.885564 -0.0138566 150.403 0.88563 0.464385 -0.00248288 111.893 0.00863355 -0.011119 0.999901 0.920742
0.463339 -0.8861 -0.0120304 150.89 0.886181 0.463303 0.00574226 112.811 0.000485519 -0.0133218 0.999911 0.930128
0.462599 -0.886516 -0.00952393 151.2 0.886528 0.462452 0.0143385 113.409 -0.00830695 -0.0150762 0.999852 0.934038
0.461214 -0.887223 -0.0107697 151.673 0.887268 0.461088 0.0123643 114.345 -0.00600414 -0.0152582 0.999866 0.931863
0.460883 -0.887377 -0.01217 151.959 0.887448 0.460759 0.0117166 114.93 -0.00478964 -0.0162002 0.999857 0.922118
0.46069 -0.887348 -0.0194457 152.403 0.88756 0.460618 0.00827641 115.817 0.00161299 -0.0210721 0.999777 0.934239
0.460691 -0.887328 -0.0203292 152.722 0.887558 0.460517 0.012841 116.44 -0.0020322 -0.0239591 0.999711 0.943602
0.460028 -0.887591 -0.0235761 153.207 0.8879 0.459783 0.0152672 117.384 -0.00271111 -0.0279566 0.999605 0.944438
0.459269 -0.887778 -0.0303601 153.942 0.888292 0.458887 0.0189546 118.836 -0.00289561 -0.0356739 0.999359 0.944079
0.459009 -0.887892 -0.0309431 154.256 0.888427 0.458621 0.0190887 119.477 -0.00275759 -0.0362525 0.999339 0.949544
0.458708 -0.88802 -0.0317452 154.558 0.88858 0.458263 0.0205268 120.097 -0.00368057 -0.0376239 0.999285 0.954232
0.457575 -0.888447 -0.0358813 154.999 0.889171 0.457229 0.0177915 120.987 0.000599179 -0.0400456 0.999198 0.968218
0.456739 -0.888939 -0.0343015 155.31 0.889583 0.456144 0.0239881 121.606 -0.00567756 -0.0414703 0.999124 0.961632
0.456336 -0.889152 -0.0341455 155.689 0.889776 0.45566 0.0259416 122.351 -0.00750734 -0.0422199 0.99908 0.956883
0.456223 -0.88919 -0.0346726 156.056 0.88984 0.455567 0.0253631 123.077 -0.00675693 -0.0424243 0.999077 0.963394
0.456445 -0.88903 -0.0358415 156.412 0.889742 0.455882 0.0230465 123.789 -0.00414959 -0.0424091 0.999092 0.977644
0.457125 -0.888605 -0.0376459 156.76 0.889402 0.456681 0.0201561 124.487 -0.000718607 -0.0426962 0.999088 0.976784
0.458226 -0.88791 -0.0405516 157.097 0.888826 0.457961 0.0161495 125.167 0.00423171 -0.0434434 0.999047 0.979254
0.459615 -0.88704 -0.0437439 157.425 0.88806 0.45959 0.0112291 125.82 0.0101436 -0.0440083 0.99898 0.978719
0.4614 -0.885941 -0.0471091 157.745 0.88703 0.461681 0.00538337 126.449 0.01698 -0.0442711 0.998875 0.984408
0.463722 -0.884502 -0.0511623 158.051 0.885647 0.464359 -0.000633314 127.059 0.0243178 -0.045018 0.99869 0.997128
0.466634 -0.882735 -0.0550593 158.35 0.883915 0.467614 -0.00569796 127.656 0.0307762 -0.0460088 0.998467 1.01078
0.470211 -0.880693 -0.057278 158.655 0.88183 0.471463 -0.00991659 128.236 0.0357379 -0.0458465 0.998309 1.02086
0.474324 -0.878412 -0.0583763 158.964 0.879465 0.475777 -0.0132996 128.805 0.0394566 -0.0450316 0.998206 1.03293
0.478946 -0.875769 -0.0603236 159.268 0.876827 0.480567 -0.0151354 129.372 0.0422447 -0.0456444 0.998064 1.04113
0.484045 -0.872777 -0.0629414 159.567 0.873889 0.485847 -0.0164429 129.933 0.0449309 -0.0470447 0.997882 1.04901
0.489676 -0.869456 -0.0653025 159.868 0.870617 0.491648 -0.017547 130.491 0.0473622 -0.0482611 0.997711 1.05581
0.496804 -0.865039 -0.0699478 160.216 0.866222 0.499205 -0.0212974 131.123 0.0533415 -0.0500097 0.997323 1.0673
0.501609 -0.862651 -0.0649695 160.446 0.863786 0.503565 -0.0172015 131.51 0.0475553 -0.0474914 0.997739 1.07215
0.509449 -0.858654 -0.0563534 160.856 0.859534 0.510887 -0.0139559 132.183 0.0407736 -0.0413279 0.998313 1.09379
0.513827 -0.856795 -0.0434058 161.121 0.857414 0.514574 -0.00743173 132.601 0.028703 -0.0333981 0.99903 1.09749
0.520284 -0.853456 -0.0302861 161.521 0.853722 0.520685 -0.00674809 133.237 0.0215288 -0.022345 0.999518 1.10319
0.523697 -0.851584 -0.0233621 161.806 0.851769 0.523906 -0.00346508 133.686 0.0151904 -0.0180845 0.999721 1.09957
0.526403 -0.849893 -0.0241282 162.234 0.850094 0.526621 -0.00329714 134.362 0.0155086 -0.0187756 0.999703 1.10045
0.526797 -0.84973 -0.0210444 162.482 0.84995 0.526853 0.00324214 134.765 0.00833235 -0.0195946 0.999773 1.09351
0.526415 -0.85 -0.0196608 162.924 0.850215 0.526394 0.00662983 135.486 0.00471397 -0.0202059 0.999785 1.09179
0.526272 -0.850182 -0.0150851 163.172 0.850307 0.526098 0.0141087 135.891 -0.00405873 -0.020252 0.999787 1.08316
0.526257 -0.850054 -0.0215091 163.606 0.850322 0.526009 0.0163468 136.599 -0.00258167 -0.0268923 0.999635 1.06622
0.52592 -0.850122 -0.0264931 163.87 0.850532 0.525595 0.0185816 137.036 -0.00187197 -0.0323057 0.999476 1.04826
0.52394 -0.850987 -0.0361711 164.299 0.851667 0.524024 0.00788292 137.742 0.0122463 -0.0349359 0.999314 1.04462
0.522126 -0.852133 -0.0354076 164.543 0.852735 0.522328 0.00401356 138.15 0.0150743 -0.0322889 0.999365 1.05468
0.518114 -0.854669 -0.0331643 164.955 0.855163 0.518357 0.00144124 138.84 0.0159592 -0.0291076 0.999449 1.07267
0.513385 -0.857469 -0.0343833 165.274 0.858137 0.51324 0.0136113 139.403 0.00597561 -0.0364935 0.999316 1.08431
0.509554 -0.859986 -0.0279228 165.628 0.860384 0.508887 0.0278063 140.031 -0.00970341 -0.0381931 0.999223 1.08931
0.506139 -0.86229 -0.0166853 165.965 0.862109 0.505298 0.0379696 140.617 -0.0243098 -0.0336024 0.99914 1.08599
0.503945 -0.863672 -0.0104439 166.255 0.863155 0.503126 0.042747 141.122 -0.0316648 -0.0305569 0.999031 1.06301
0.501146 -0.865224 -0.0155045 166.686 0.864989 0.500322 0.0383648 141.869 -0.0254369 -0.0326376 0.999144 1.03815
