0.473125 -0.880827 0.0172238 0.257834 0.880967 0.473177 -0.00117731 0.0600589 -0.00711289 0.0157306 0.999851 1.14697
0.472517 -0.881201 0.0145796 0.635071 0.881313 0.472522 -0.00336691 0.829539 -0.00392228 0.0144401 0.999888 1.14699
0.47155 -0.881773 0.0108262 1.03322 0.881836 0.471546 -0.00308085 1.60143 -0.00238844 0.0109997 0.999937 1.1513
0.470341 -0.882446 0.00823257 1.44751 0.882482 0.470341 -0.00206548 2.3838 -0.00204944 0.00823657 0.999964 1.15247
0.467496 -0.883929 0.0108146 2.33512 0.883981 0.467522 -0.000138055 3.9929 -0.00493405 0.00962446 0.999942 1.16678
0.466305 -0.884535 0.0125928 2.75275 0.884605 0.466341 -1.62986e-05 4.79746 -0.00585815 0.0111473 0.999921 1.17147
0.464888 -0.885275 0.0129786 3.16198 0.885357 0.464911 -0.00135514 5.60994 -0.00483421 0.0121207 0.999915 1.16881
0.464113 -0.885692 0.012197 3.577 0.885769 0.464122 -0.0022539 6.42926 -0.00366461 0.0118498 0.999923 1.16808
0.463469 -0.886032 0.0120107 4.00138 0.886102 0.463489 -0.00126487 7.25411 -0.0044461 0.0112289 0.999927 1.18769
0.463457 -0.886053 0.0108288 4.4298 0.886088 0.463508 0.00268341 8.08245 -0.00739687 0.00835161 0.999938 1.19134
0.464168 -0.885665 0.0120846 4.85561 0.885675 0.464261 0.00639665 8.91055 -0.0112757 0.00773389 0.999907 1.17584
0.465459 -0.88497 0.0132816 5.29103 0.884953 0.465589 0.00920884 9.72799 -0.0143333 0.00746724 0.999869 1.16931
0.466942 -0.884168 0.0145539 5.72108 0.884153 0.467095 0.00977031 10.5573 -0.0154366 0.00830571 0.999846 1.16672
0.468762 -0.883159 0.0171333 6.14869 0.88322 0.468916 0.00629248 11.3813 -0.0135913 0.0121828 0.999833 1.14569
0.470268 -0.88236 0.0170181 6.56634 0.882478 0.470353 0.00112556 12.2205 -0.00899767 0.0144888 0.999855 1.15429
0.471332 -0.881866 0.0125831 7.00308 0.881943 0.471354 -0.00133696 13.0575 -0.00475207 0.0117277 0.99992 1.16949
0.471983 -0.881562 0.00891773 7.4757 0.881595 0.472006 0.000473761 13.8982 -0.00462687 0.00763822 0.99996 1.17915
0.472005 -0.881548 0.00915196 7.94247 0.881558 0.472055 0.00430127 14.7684 -0.008112 0.00603777 0.999949 1.18944
0.471015 -0.881983 0.0158336 8.39983 0.882025 0.471156 0.00661038 15.672 -0.0132903 0.010852 0.999853 1.16796
0.469675 -0.882375 0.0286503 8.89057 0.882728 0.469883 0.000632177 16.5538 -0.0140201 0.0249935 0.999589 1.14852
0.46845 -0.882888 0.0326147 9.36096 0.88342 0.468559 -0.00470786 17.4184 -0.0111254 0.0310179 0.999457 1.14384
0.467019 -0.883734 0.0301048 9.83608 0.884219 0.467007 -0.00788705 18.2863 -0.00708907 0.0303026 0.999516 1.14437
0.464723 -0.885226 0.0201794 10.7402 0.885445 0.464712 -0.00550944 20.0109 -0.00450053 0.0204281 0.999781 1.16925
0.463929 -0.885654 0.019661 11.1882 0.88584 0.463989 -0.00170991 20.9064 -0.00760808 0.0182097 0.999805 1.1619
0.462748 -0.886279 0.0193361 11.6456 0.886429 0.462861 0.00156722 21.8102 -0.0103389 0.0164149 0.999812 1.15985
0.461924 -0.886669 0.0210574 12.1103 0.886833 0.46208 0.0029821 22.7042 -0.0123743 0.0172969 0.999774 1.15661
0.461517 -0.886858 0.0220218 12.5699 0.887008 0.461725 0.00523381 23.5947 -0.0148097 0.017118 0.999744 1.16371
0.461014 -0.887088 0.0232725 13.0161 0.887224 0.46128 0.007426 24.4843 -0.0173226 0.0172244 0.999702 1.1582
0.46069 -0.887204 0.0251752 13.4733 0.887382 0.460982 0.00701882 25.378 -0.0178324 0.0191065 0.999658 1.14225
0.460987 -0.886975 0.0276927 13.9324 0.887262 0.46125 0.00365846 26.2647 -0.0160183 0.0228842 0.99961 1.13393
0.461227 -0.886882 0.0266536 14.3794 0.887175 0.46143 0.00164871 27.1474 -0.013761 0.022886 0.999643 1.11923
0.460555 -0.887301 0.0242057 14.8293 0.887544 0.460721 0.00145791 28.0319 -0.0124457 0.0208122 0.999706 1.11795
0.45945 -0.887892 0.0235077 15.2664 0.888106 0.459631 0.00264658 28.9215 -0.0131548 0.0196614 0.99972 1.12005
0.458789 -0.888128 0.027223 15.7219 0.888417 0.459027 0.00291874 29.7904 -0.0150883 0.0228463 0.999625 1.10199
0.458373 -0.888309 0.0282928 16.1877 0.888635 0.458611 0.00218104 30.6645 -0.0149128 0.0241423 0.999597 1.09778
0.457591 -0.888887 0.0221458 16.6214 0.889105 0.457702 -5.08581e-05 31.5554 -0.010091 0.0197132 0.999755 1.11192
0.457341 -0.889146 0.0161099 17.0674 0.889268 0.457385 -0.00101811 32.4371 -0.00646318 0.0147916 0.99987 1.12512
0.457253 -0.889218 0.0145093 17.5317 0.889313 0.457298 -0.000239153 33.3221 -0.00642241 0.0130127 0.999895 1.1296
0.457111 -0.889171 0.0206064 17.9924 0.889342 0.457239 0.00172903 34.2113 -0.0109595 0.0175358 0.999786 1.14068
0.456937 -0.88907 0.0276208 18.4427 0.889384 0.457158 0.00193608 35.0965 -0.0143484 0.0236808 0.999617 1.12349
0.456667 -0.889095 0.0310563 18.8788 0.889531 0.456874 -0.000487895 35.9505 -0.013755 0.0278484 0.999518 1.1032
0.456309 -0.889286 0.0308442 19.3246 0.889734 0.456476 -0.00180695 36.8177 -0.0124727 0.0282676 0.999523 1.11399
0.455299 -0.889885 0.0284308 19.7753 0.890252 0.455468 -0.0005962 37.6896 -0.0124188 0.0255821 0.999596 1.12751
0.454548 -0.890227 0.0296794 20.2061 0.890614 0.454759 0.000385981 38.566 -0.0138406 0.0262574 0.999559 1.12782
0.453746 -0.890468 0.0343533 20.6428 0.890943 0.454104 0.00300102 39.4151 -0.0182723 0.0292452 0.999405 1.14399
0.453193 -0.890569 0.0387594 21.073 0.891129 0.453717 0.00547558 40.2708 -0.0224622 0.0320582 0.999234 1.13003
0.452387 -0.890947 0.0394746 21.4882 0.891544 0.452908 0.0049082 41.1204 -0.0222513 0.032973 0.999209 1.09517
0.450932 -0.891801 0.0367605 21.9022 0.892435 0.451172 -0.00194522 41.9483 -0.0148506 0.0336835 0.999322 1.07975
0.45014 -0.892377 0.0322175 22.305 0.892919 0.450165 -0.00686351 42.7645 -0.00837838 0.0318572 0.999457 1.09244
0.449228 -0.893093 0.0240766 22.7099 0.893395 0.449243 -0.00508624 43.5918 -0.00627377 0.0237948 0.999697 1.10642
0.448718 -0.893494 0.0178896 23.1199 0.89364 0.448785 -0.000276487 44.4172 -0.00778154 0.0161109 0.99984 1.11798
0.446242 -0.89466 0.0212331 23.9082 0.894838 0.446386 0.00230919 46.0212 -0.0115441 0.0179697 0.999772 1.10788
0.445175 -0.895193 0.0211589 24.2789 0.895366 0.445323 0.00259428 46.7822 -0.0117449 0.0177901 0.999773 1.10812
0.443666 -0.895975 0.0197271 24.6445 0.896109 0.443818 0.00388108 47.5388 -0.0122326 0.0159557 0.999798 1.1028
0.442282 -0.896678 0.0188401 25.0166 0.896792 0.44243 0.00438459 48.2861 -0.012267 0.0149564 0.999813 1.10697
0.441383 -0.897093 0.0201118 25.3772 0.897228 0.441546 0.00430153 49.0172 -0.0127392 0.0161462 0.999789 1.10781
0.440368 -0.897598 0.0198706 25.7247 0.897702 0.440558 0.00626261 49.7452 -0.0143754 0.01508 0.999783 1.11496
0.439018 -0.898295 0.0181781 26.0704 0.898298 0.439245 0.0111868 50.4703 -0.0180337 0.0114181 0.999772 1.1157
0.437242 -0.899188 0.0167545 26.4101 0.899096 0.437483 0.015302 51.1855 -0.0210891 0.00837322 0.999743 1.11711
0.435791 -0.899886 0.0170484 26.7366 0.899851 0.436014 0.0126439 51.855 -0.0188114 0.0098309 0.999775 1.10301
0.434685 -0.900423 0.0169626 27.0189 0.900498 0.434825 0.00554971 52.4985 -0.0123728 0.0128624 0.999841 1.08688
0.433638 -0.900957 0.015332 27.3064 0.901069 0.433674 -0.0010681 53.1431 -0.00568676 0.0142783 0.999882 1.09073
0.433112 -0.901303 0.00815459 27.6079 0.901335 0.433123 -0.000366479 53.775 -0.00320164 0.00750874 0.999967 1.12497
0.432537 -0.90161 0.00318899 27.912 0.901605 0.432547 0.00332845 54.4021 -0.00438036 0.00143553 0.999989 1.14205
0.431353 -0.902181 0.00196346 28.2022 0.902154 0.431356 0.0070823 55.0296 -0.00723647 -0.00128363 0.999973 1.15244
0.430627 -0.902499 0.00747164 28.4741 0.902507 0.430661 0.0036221 55.5769 -0.00648668 0.00518344 0.999966 1.13355
0.430192 -0.902653 0.0123857 28.7452 0.902733 0.430194 -0.00262034 56.121 -0.00296299 0.0123082 0.99992 1.1252
0.431134 -0.902185 0.0136378 29.0083 0.902287 0.43107 -0.00751989 56.6657 0.000905497 0.0155473 0.999879 1.12103
0.433389 -0.901148 0.0103224 29.2575 0.901204 0.433328 -0.00769793 57.205 0.00246398 0.0126388 0.999917 1.14722
0.441328 -0.897341 0.0028685 29.7472 0.897343 0.441333 0.00138369 58.214 -0.0025076 0.00196336 0.999995 1.15214
0.445879 -0.895074 0.00592124 30.0051 0.895071 0.445905 0.00411064 58.6847 -0.00631964 0.00346708 0.999974 1.18233
0.452365 -0.891734 0.0132937 30.2589 0.891778 0.452453 0.00436925 59.1941 -0.009911 0.00987857 0.999902 1.19295
0.461265 -0.88707 0.0184765 30.4875 0.887176 0.461411 0.00437294 59.6917 -0.0124044 0.0143748 0.99982 1.16255
0.47388 -0.880419 0.0173051 30.7426 0.880497 0.474023 0.00514753 60.1486 -0.012735 0.0127978 0.999837 1.1356
0.489064 -0.872143 0.0135424 30.989 0.872157 0.489178 0.00686545 60.5891 -0.0126123 0.00845344 0.999885 1.13909
0.508692 -0.860886 0.0103328 31.2665 0.860849 0.508779 0.00906255 60.9409 -0.0130589 0.00428493 0.999905 1.17573
0.530151 -0.847854 0.00910928 31.5462 0.847789 0.530226 0.0107252 61.2864 -0.0139234 0.00203675 0.999901 1.19651
0.554724 -0.831953 0.0116264 31.8299 0.831887 0.554835 0.0110935 61.6503 -0.01568 0.00351798 0.999871 1.19528
0.581097 -0.813698 0.0148896 32.1091 0.813635 0.581262 0.0114925 62.0174 -0.0180062 0.00543638 0.999823 1.1811
0.610141 -0.792084 0.0182131 32.4076 0.792031 0.610369 0.0116685 62.3739 -0.0203592 0.00730592 0.999766 1.15686
0.641827 -0.766561 0.0210355 32.7007 0.766523 0.642113 0.011549 62.7149 -0.0223601 0.00871173 0.999712 1.12152
0.677164 -0.735473 0.0230065 32.9935 0.735431 0.677496 0.0118447 63.0393 -0.0242983 0.00889886 0.999665 1.10584
0.713324 -0.700449 0.0232379 33.2858 0.700409 0.713654 0.0111799 63.3469 -0.0244148 0.00830114 0.999667 1.08621
0.752552 -0.658216 0.0204257 33.5932 0.65816 0.752807 0.0102982 63.5597 -0.0221551 0.00569345 0.999738 1.12677
0.790012 -0.612827 0.0180055 33.8893 0.612749 0.790212 0.0102024 63.7633 -0.0204805 0.00297283 0.999786 1.13015
0.825986 -0.563445 0.0166543 34.2286 0.563351 0.826153 0.0103101 63.9795 -0.0195682 0.000866217 0.999808 1.12366
0.890357 -0.45502 0.0148674 34.9184 0.454939 0.890481 0.00864438 64.3318 -0.0171725 -0.000932838 0.999852 1.098
0.918407 -0.395314 0.0159637 35.2304 0.395257 0.918546 0.00672408 64.4381 -0.0173216 0.00013434 0.99985 1.10992
0.942682 -0.333145 0.0191101 35.6069 0.333096 0.942875 0.00579073 64.4966 -0.0199476 0.000906696 0.999801 1.09124
0.962562 -0.270145 0.0222811 35.9738 0.270053 0.962819 0.00711178 64.5353 -0.0233739 -0.000828445 0.999726 1.07091
0.978256 -0.205919 0.0247405 36.3508 0.205783 0.978565 0.00792101 64.5461 -0.0258413 -0.0026576 0.999663 1.03646
0.989764 -0.140297 0.0261371 36.7228 0.140198 0.990108 0.00557316 64.5298 -0.0266605 -0.00185173 0.999643 0.99705
0.996741 -0.0770391 0.0239103 37.0831 0.077033 0.997028 0.00117784 64.6585 -0.02393 0.000667881 0.999713 1.01108
0.999501 -0.020973 0.0236083 37.5395 0.0209325 0.999779 0.00196188 64.7898 -0.0236442 -0.00146672 0.999719 1.01684
0.999176 0.0333627 0.0230958 37.9887 -0.0335042 0.999422 0.00576712 64.9296 -0.0228901 -0.00653618 0.999717 1.00607
0.996194 0.0844731 0.0215093 38.4353 -0.0846883 0.996364 0.00930072 65.0514 -0.0206455 -0.0110869 0.999725 0.95899
0.991394 0.129474 0.0193461 38.853 -0.129649 0.991527 0.00807593 65.1375 -0.0181366 -0.0105146 0.99978 0.785779
0.984778 0.172706 0.0196427 39.2957 -0.172826 0.984942 0.00454256 65.1689 -0.0185624 -0.00786817 0.999797 0.622117
0.977633 0.208838 0.0248944 39.7039 -0.208853 0.977945 -0.00202602 65.1159 -0.0247685 -0.00321859 0.999688 0.589958
0.969796 0.242401 0.0271497 40.0154 -0.242478 0.970157 -0.000473484 64.9541 -0.0264542 -0.006124 0.999631 0.576807
0.961562 0.273166 0.0279158 40.3262 -0.273408 0.961884 0.00517632 64.772 -0.0254378 -0.0126098 0.999597 0.598469
0.953426 0.300559 0.0253471 40.6586 -0.300939 0.953558 0.0127254 64.5372 -0.0203452 -0.0197606 0.999598 0.636624
0.94538 0.325191 0.0225155 40.9977 -0.325562 0.945397 0.0153229 64.3248 -0.0163032 -0.0218161 0.999629 0.613901
0.937464 0.34747 0.0206305 41.379 -0.347761 0.937498 0.0126204 64.1414 -0.0149558 -0.0190057 0.999707 0.608948
0.929873 0.367506 0.0165819 41.7602 -0.367683 0.929905 0.00921625 63.9598 -0.0120326 -0.0146668 0.99982 0.591371
0.922822 0.385069 0.0110568 42.149 -0.385162 0.922814 0.00804596 63.7938 -0.00710514 -0.0116837 0.999906 0.60567
0.916503 0.399964 0.00716481 42.5563 -0.400025 0.916423 0.0121846 63.5177 -0.00169258 -0.0140333 0.9999 0.745297
0.904238 0.426951 0.00822049 43.3092 -0.42701 0.904213 0.00778489 62.961 -0.00410932 -0.0105496 0.999936 0.938309
0.898652 0.438588 0.00807506 43.7264 -0.438605 0.89868 0.000491992 62.7391 -0.00704111 -0.0039839 0.999967 0.955794
0.893187 0.449626 0.00732819 44.1756 -0.449585 0.893213 -0.0066981 62.5083 -0.00955728 0.00268801 0.999951 0.940965
0.88829 0.459225 0.0072946 44.682 -0.459159 0.888307 -0.00914969 62.2736 -0.0106816 0.0047782 0.999932 0.853595
0.883887 0.467641 0.00748277 45.1761 -0.467568 0.883904 -0.0097161 62.0418 -0.0111577 0.00508922 0.999925 0.781127
0.881445 0.472167 0.0106625 45.6271 -0.472172 0.881504 -0.0021666 61.8016 -0.0104221 -0.00312481 0.999941 0.749394
0.878996 0.476602 0.0147229 46.1156 -0.476735 0.879017 0.00723078 61.5163 -0.0094955 -0.0133748 0.999865 0.706139
0.876217 0.481619 0.0169082 46.6225 -0.481844 0.876153 0.0135083 61.218 -0.00830835 -0.0199833 0.999766 0.664542
0.87372 0.486111 0.017596 47.1634 -0.486376 0.873588 0.0167862 60.9169 -0.00721167 -0.0232247 0.999704 0.635341
0.87183 0.489491 0.0176215 47.741 -0.489749 0.87172 0.0158357 60.6042 -0.00760958 -0.0224361 0.999719 0.602903
0.870211 0.492386 0.0170165 48.3093 -0.492606 0.870158 0.0128065 60.2923 -0.00850127 -0.0195268 0.999773 0.588101
0.869327 0.493997 0.0154135 48.8784 -0.494149 0.869338 0.00819568 59.972 -0.00935094 -0.0147413 0.999848 0.579145
0.8689 0.494813 0.0131412 49.4375 -0.494885 0.868954 0.00276032 59.6564 -0.0100532 -0.00890181 0.99991 0.589972
0.869444 0.493928 0.0100923 50.0091 -0.493917 0.869501 -0.00372042 59.3252 -0.0106129 -0.00175006 0.999942 0.592223
0.871221 0.490844 0.00680408 50.6353 -0.490766 0.871228 -0.0105296 58.9746 -0.0110963 0.00583439 0.999921 0.573042
0.872995 0.487706 0.00478984 51.2737 -0.48759 0.872939 -0.0152821 58.613 -0.0116344 0.0110058 0.999872 0.555464
0.875056 0.484003 0.0042292 51.922 -0.483876 0.874973 -0.0168932 58.2486 -0.0118768 0.0127361 0.999848 0.539679
0.877233 0.480047 0.00419112 52.5886 -0.479897 0.877122 -0.0188429 57.8821 -0.0127216 0.0145183 0.999814 0.53612
0.879003 0.476788 0.00525693 53.2611 -0.476612 0.878894 -0.0196338 57.5187 -0.0139815 0.0147527 0.999793 0.54047
0.880723 0.47357 0.00768588 53.9503 -0.473393 0.880678 -0.0174463 57.1491 -0.0150308 0.0117269 0.999818 0.532717
0.882634 0.469929 0.0111351 54.6564 -0.469788 0.882681 -0.0131591 56.7823 -0.0160126 0.00638354 0.999851 0.515233
0.884807 0.465765 0.013421 55.3652 -0.465679 0.884907 -0.00914758 56.4072 -0.016137 0.00184395 0.999868 0.490101
0.886332 0.46292 0.0109812 56.096 -0.46282 0.88639 -0.0105353 56.0171 -0.0146106 0.00425546 0.999884 0.451612
0.886822 0.462061 0.00685267 56.8265 -0.461982 0.886826 -0.0105747 55.6297 -0.0109633 0.00621208 0.999921 0.449216
0.886918 0.461907 0.00415902 57.5703 -0.461869 0.886915 -0.00769571 55.2515 -0.0072434 0.00490455 0.999962 0.454349
0.886601 0.462504 0.00533637 58.3315 -0.462495 0.886617 -0.00289613 54.8925 -0.00607079 9.96741e-05 0.999982 0.487164
0.88615 0.463325 0.00823384 59.0654 -0.463345 0.886178 0.000592839 54.5128 -0.00702197 -0.00434045 0.999966 0.506941
0.886357 0.46284 0.0122517 59.7476 -0.46291 0.886398 0.00354898 54.1484 -0.00921728 -0.0088171 0.999919 0.514111
0.886525 0.462444 0.0148142 60.4635 -0.462557 0.886574 0.00519422 53.7749 -0.0107319 -0.0114572 0.999877 0.500157
0.886336 0.462785 0.0154233 61.9353 -0.462924 0.88637 0.00698326 53.0258 -0.010439 -0.0133293 0.999857 0.472365
0.886046 0.463374 0.0143689 62.674 -0.463509 0.886056 0.00798436 52.654 -0.00903191 -0.0137346 0.999865 0.465662
0.885111 0.465072 0.0169011 63.4103 -0.4653 0.885048 0.013642 52.2888 -0.00861375 -0.0199388 0.999764 0.456199
0.883465 0.468029 0.020943 64.1475 -0.468406 0.883293 0.0197466 51.9267 -0.00925682 -0.0272552 0.999586 0.461648
0.881146 0.472164 0.0253499 64.8887 -0.472712 0.8809 0.0236529 51.5673 -0.0111627 -0.0328249 0.999399 0.486153
0.878176 0.477534 0.027738 65.6082 -0.478137 0.878011 0.0219576 51.1905 -0.0138688 -0.0325452 0.999374 0.491276
0.874604 0.483982 0.028816 66.3185 -0.484567 0.874558 0.0185144 50.8162 -0.0162406 -0.030156 0.999413 0.477061
0.870282 0.491809 0.0270636 67.0233 -0.492268 0.870335 0.0137803 50.4406 -0.0167771 -0.0253152 0.999539 0.477863
0.865014 0.501142 0.024653 67.7139 -0.501481 0.865112 0.00988087 50.0498 -0.0163759 -0.0209101 0.999647 0.47441
0.859411 0.510758 0.0232238 68.3892 -0.511049 0.859508 0.00863371 49.6541 -0.0155514 -0.0192884 0.999693 0.480444
0.853686 0.520215 0.0244013 69.0914 -0.52056 0.853761 0.0104865 49.2241 -0.0153776 -0.0216546 0.999647 0.468324
0.847595 0.529981 0.0265066 69.7841 -0.530401 0.84766 0.0121394 48.7792 -0.0160349 -0.0243484 0.999575 0.461118
0.841364 0.539789 0.0271041 70.4697 -0.54021 0.841455 0.011236 48.3357 -0.0167418 -0.0240955 0.999569 0.456148
0.835039 0.549537 0.0268102 71.1364 -0.549931 0.835151 0.00994705 47.8941 -0.0169243 -0.0230499 0.999591 0.45975
0.828945 0.558656 0.0274473 71.7851 -0.559069 0.829058 0.0101947 47.4579 -0.01706 -0.0237958 0.999571 0.463916
0.823193 0.567024 0.0289382 72.4214 -0.567528 0.823247 0.0132784 47.0339 -0.0162941 -0.0273539 0.999493 0.463869
0.8174 0.575321 0.0293786 73.0518 -0.575885 0.817368 0.0163274 46.6154 -0.0146197 -0.0302647 0.999435 0.458523
0.81217 0.582688 0.0292335 73.6538 -0.583279 0.812058 0.0186576 46.1981 -0.0128677 -0.0322044 0.999398 0.446037
0.806687 0.590235 0.0296424 74.2409 -0.590863 0.806509 0.0206159 45.7663 -0.0117386 -0.0341452 0.999348 0.449548
0.801579 0.597175 0.0291889 74.8296 -0.597778 0.801413 0.0199414 45.3082 -0.0114839 -0.0334331 0.999375 0.45457
0.796668 0.603821 0.0268386 75.4184 -0.604293 0.79662 0.015077 44.854 -0.0122763 -0.0282297 0.999526 0.457394
0.792424 0.609481 0.024448 76.0189 -0.609816 0.792489 0.00926505 44.4048 -0.0137279 -0.0222506 0.999658 0.455097
0.790212 0.612295 0.0256779 76.5817 -0.612609 0.790362 0.00609184 43.9734 -0.0165648 -0.0205443 0.999652 0.428327
0.788134 0.614895 0.0273698 77.1316 -0.615223 0.788338 0.00488302 43.5373 -0.0185741 -0.020687 0.999613 0.411901
0.786813 0.616505 0.0290991 77.6792 -0.616867 0.787053 0.00473407 43.1129 -0.0199839 -0.0216751 0.999565 0.414892
0.785935 0.617641 0.0287354 78.2169 -0.617979 0.786185 0.00385187 42.6742 -0.0202123 -0.0207852 0.99958 0.418233
0.786944 0.616577 0.0234741 78.7295 -0.616763 0.787148 0.000887777 42.2891 -0.0179302 -0.0151766 0.999724 0.413832
0.788306 0.614954 0.0201288 79.2114 -0.615061 0.788479 -0.00108623 41.9041 -0.0165391 -0.0115242 0.999797 0.427304
0.790505 0.612224 0.0168312 79.7035 -0.612255 0.790651 -0.00380029 41.5312 -0.0156342 -0.00730084 0.999851 0.431048
0.794123 0.607591 0.0142294 80.1969 -0.607585 0.794237 -0.00524868 41.1719 -0.0144906 -0.00447746 0.999885 0.445286
0.800898 0.598688 0.0116601 80.6593 -0.598649 0.800981 -0.00694255 40.8507 -0.013496 -0.00142006 0.999908 0.474283
0.809551 0.587033 0.00447957 81.0737 -0.586935 0.80952 -0.0136111 40.5178 -0.0116165 0.0083897 0.999897 0.507346
0.819153 0.573567 -0.00286468 81.5041 -0.573505 0.818966 -0.0196483 40.2038 -0.00892356 0.0177379 0.999803 0.571672
0.830195 0.557415 -0.008062 81.9258 -0.557445 0.829922 -0.0219881 39.9207 -0.00556567 0.0227485 0.999726 0.609753
0.843099 0.537685 -0.00888741 82.3827 -0.537752 0.842889 -0.0189906 39.6632 -0.00271985 0.0207901 0.99978 0.627048
0.856803 0.515584 -0.00791873 82.8532 -0.515644 0.856682 -0.0144273 39.4118 -0.000654659 0.0164446 0.999865 0.631147
0.87134 0.490641 -0.00608486 83.3493 -0.490679 0.871285 -0.0098571 39.1755 0.000465339 0.0115746 0.999933 0.639405
0.887541 0.460702 -0.00500169 83.8493 -0.460729 0.8875 -0.0084966 38.9557 0.000524602 0.0098455 0.999951 0.65184
0.905357 0.424638 -0.00325176 84.3587 -0.424648 0.9053 -0.0102651 38.792 -0.00141514 0.0106744 0.999942 0.667936
0.926185 0.377059 0.00285519 84.7533 -0.376997 0.926129 -0.0126142 38.6379 -0.00740055 0.0106066 0.999916 0.644436
0.944337 0.328875 0.0083624 85.1774 -0.32877 0.944337 -0.0117688 38.516 -0.0117674 0.00836438 0.999896 0.67945
0.9599 0.28013 0.0109257 85.6823 -0.280024 0.959938 -0.0102631 38.4349 -0.013363 0.00679212 0.999888 0.706182
0.973546 0.228223 0.0110636 86.1975 -0.228114 0.97358 -0.0103527 38.3523 -0.013134 0.00755505 0.999885 0.711364
0.985633 0.168758 0.00698005 86.7112 -0.168657 0.985587 -0.0131248 38.3235 -0.00909436 0.011759 0.999889 0.671449
0.994616 0.103615 0.00160075 87.2084 -0.103576 0.994494 -0.0159472 38.3161 -0.0032443 0.0156955 0.999872 0.667164
0.99938 0.0350919 -0.00279904 87.6831 -0.0351352 0.999233 -0.0173013 38.3508 0.00218975 0.017389 0.999846 0.688922
0.999372 -0.0349025 -0.00614388 88.1487 0.0347951 0.999253 -0.0167928 38.4037 0.0067254 0.0165684 0.99984 0.715855
0.994334 -0.10591 -0.00912779 88.6175 0.105761 0.994271 -0.0154799 38.472 0.010715 0.0144269 0.999839 0.739946
0.984127 -0.177098 -0.0113814 89.095 0.176916 0.984106 -0.0153755 38.5924 0.0139235 0.0131179 0.999817 0.718311
0.968961 -0.246881 -0.0128182 89.5501 0.246654 0.968954 -0.0170212 38.7389 0.0166225 0.0133312 0.999773 0.688822
0.949321 -0.314103 -0.0113653 89.9873 0.31389 0.949303 -0.0172375 38.914 0.0162035 0.0127964 0.999787 0.673036
0.92552 -0.378648 -0.00624132 90.4319 0.37852 0.925463 -0.0155053 39.1335 0.0116472 0.011988 0.99986 0.670891
0.898315 -0.43935 0.0013121 90.8643 0.439336 0.898254 -0.0110922 39.3916 0.00369475 0.0105407 0.999938 0.70827
0.868156 -0.496244 0.00686265 91.2666 0.496287 0.868122 -0.00799036 39.6561 -0.00199245 0.0103427 0.999945 0.754483
0.835853 -0.548838 0.0112845 91.6124 0.548898 0.835884 -0.00291954 39.9374 -0.00783016 0.00863433 0.999932 0.803616
0.806188 -0.591554 0.0111655 91.9347 0.591568 0.806252 0.00232959 40.1594 -0.0103803 0.00472708 0.999935 0.82351
0.77967 -0.626105 0.0103082 92.2872 0.626057 0.779738 0.0077764 40.4304 -0.0129066 0.00039052 0.999917 0.857769
0.757565 -0.652722 0.007063 92.6717 0.652665 0.757595 0.00885277 40.7053 -0.0111293 -0.00209678 0.999936 0.880318
0.736308 -0.676619 0.00610005 93.0127 0.676566 0.73633 0.0087527 41.0155 -0.0104139 -0.0023176 0.999943 0.881379
0.720192 -0.693716 0.00901654 93.3292 0.693668 0.720248 0.00822254 41.3262 -0.0121983 0.000332674 0.999926 0.850002
0.711082 -0.702989 0.0129507 93.6656 0.702951 0.711192 0.00807987 41.6504 -0.0148905 0.00335824 0.999883 0.938188
0.703507 -0.710598 0.011357 94.0332 0.710548 0.703596 0.00861308 41.9881 -0.0141112 0.00201032 0.999898 1.00769
0.696182 -0.717834 0.00669132 94.3811 0.717746 0.696206 0.0117424 42.41 -0.0130877 -0.00337221 0.999909 1.00327
0.690991 -0.722858 0.00299969 94.7208 0.722757 0.690954 0.0142752 42.7946 -0.0123915 -0.00769595 0.999894 1.00024
0.687443 -0.726239 -0.000397118 95.0683 0.726171 0.687371 0.0140127 43.1792 -0.00990363 -0.00992133 0.999902 1.01394
0.686023 -0.727579 -0.00130287 95.4325 0.727547 0.685973 0.0107848 43.5722 -0.00695306 -0.00834652 0.999941 1.07803
0.687226 -0.726444 8.42492e-05 95.7942 0.72643 0.687213 0.00606572 43.9473 -0.0044643 -0.00410732 0.999982 1.12748
0.691014 -0.722841 -0.000643341 96.1761 0.722842 0.691014 0.000215204 44.3628 0.000288999 -0.000613743 1 1.11344
0.694722 -0.719271 -0.00312046 96.5862 0.719264 0.694729 -0.00325941 44.7694 0.00451228 1.99475e-05 0.99999 1.11092
0.698173 -0.715894 -0.0071665 96.9953 0.715902 0.698199 -0.00182383 45.1919 0.00630931 -0.00385716 0.999973 1.1182
0.701541 -0.712543 -0.0110188 97.4242 0.712612 0.701548 0.00394683 45.6287 0.00491791 -0.010621 0.999931 1.11455
0.704732 -0.709392 -0.01075 97.8593 0.709473 0.704669 0.00944561 46.0735 0.000874553 -0.0142835 0.999898 1.12545
0.707948 -0.706214 -0.00841742 98.3113 0.706244 0.707787 0.016039 46.5297 -0.00536922 -0.0172995 0.999836 1.13155
0.71166 -0.702506 -0.00497998 98.7484 0.702401 0.711386 0.023732 46.9763 -0.0131292 -0.020387 0.999706 1.09589
0.714311 -0.699827 -0.00173369 99.1847 0.699623 0.714038 0.0260151 47.3915 -0.0169681 -0.0197958 0.99966 1.07495
0.714573 -0.699548 0.00429835 99.6688 0.699411 0.714533 0.0163255 47.8776 -0.0144918 -0.00865943 0.999857 1.09615
0.714448 -0.69966 0.00626241 100.169 0.699627 0.714475 0.0068061 48.3537 -0.0092363 -0.000481251 0.999957 1.11135
0.713828 -0.700314 0.00310247 100.66 0.700318 0.713831 -6.84401e-05 48.8393 -0.00216671 0.00222157 0.999995 1.11976
0.712263 -0.7019 -0.00430333 101.154 0.701904 0.712271 -0.000754985 49.3386 0.00359506 -0.00248277 0.99999 1.12242
0.710452 -0.703669 -0.0104256 101.644 0.703734 0.710449 0.00462288 49.8422 0.00415385 -0.0106211 0.999935 1.10161
0.708711 -0.705404 -0.0115568 102.14 0.705497 0.708578 0.0138449 50.3355 -0.00157742 -0.0179653 0.999837 1.07755
0.706749 -0.707446 -0.00510276 102.698 0.707396 0.706561 0.0190517 50.8808 -0.00987266 -0.0170745 0.999806 1.11993
0.704781 -0.709422 -0.00189766 103.204 0.709319 0.704627 0.0191709 51.4018 -0.0122631 -0.0148573 0.999814 1.10437
0.703674 -0.710517 -0.00281485 103.706 0.710455 0.703547 0.0166145 51.9353 -0.00982448 -0.013691 0.999858 1.1263
0.70173 -0.712429 -0.004357 104.228 0.712433 0.701676 0.00943605 52.4987 -0.00366532 -0.00972563 0.999946 1.14982
0.699453 -0.714599 -0.0106868 104.771 0.714679 0.699381 0.0100411 53.0722 0.000298783 -0.0146609 0.999892 1.12782
0.695987 -0.717937 -0.0130184 105.342 0.718055 0.695884 0.0119691 53.6281 0.000466209 -0.0176783 0.999844 1.12751
0.693132 -0.720723 -0.0112194 105.925 0.720809 0.693016 0.0127799 54.216 -0.00143555 -0.0169452 0.999855 1.13394
0.689891 -0.723892 -0.00548709 107.052 0.723873 0.689753 0.0157413 55.4102 -0.00761029 -0.0148318 0.999861 1.16433
0.68928 -0.724494 -0.00118271 107.635 0.724437 0.689203 0.0138268 56.007 -0.0092023 -0.0103873 0.999904 1.17527
0.689407 -0.724373 0.00138322 108.205 0.724304 0.689365 0.0126346 56.6152 -0.0101057 -0.00770848 0.999919 1.15217
0.689571 -0.724213 0.00275984 108.771 0.724157 0.689557 0.0103707 57.223 -0.00941363 -0.00515275 0.999942 1.13967
0.689813 -0.723986 0.00134173 109.329 0.723949 0.689794 0.00902178 57.82 -0.00745717 -0.00525199 0.999958 1.14676
0.690334 -0.723473 -0.00495661 109.884 0.723465 0.690237 0.0131165 58.4348 -0.00606817 -0.0126407 0.999902 1.14296
0.691825 -0.721935 -0.013674 110.453 0.722044 0.691537 0.0206862 59.0547 -0.00547805 -0.0241845 0.999692 1.13897
0.694418 -0.719336 -0.0184065 111.068 0.719531 0.693879 0.0284124 59.7058 -0.00766623 -0.0329741 0.999427 1.11982
0.696715 -0.71706 -0.0203328 111.634 0.71731 0.696108 0.0300023 60.3239 -0.00735963 -0.0354879 0.999343 1.13152
0.698562 -0.715261 -0.0202901 112.237 0.715526 0.698032 0.0278138 60.958 -0.00573102 -0.0339478 0.999407 1.13848
0.700208 -0.713754 -0.0162436 112.856 0.713919 0.69984 0.0232901 61.5957 -0.00525549 -0.0279046 0.999597 1.146
0.700343 -0.713713 -0.0115677 113.471 0.713788 0.700116 0.0185664 62.2083 -0.0051523 -0.0212597 0.999761 1.16017
0.700254 -0.713834 -0.0092323 114.087 0.713872 0.700074 0.0168122 62.8374 -0.00553778 -0.0183635 0.999816 1.16839
0.701271 -0.712831 -0.00959111 114.69 0.712854 0.701022 0.0202033 63.4553 -0.00767799 -0.0210051 0.99975 1.16101
0.702514 -0.7116 -0.00995563 115.303 0.711569 0.702111 0.0266335 64.0764 -0.0119624 -0.0257945 0.999596 1.15533
0.70305 -0.711075 -0.00963497 115.886 0.710948 0.702481 0.0327725 64.6961 -0.0165353 -0.0298906 0.999416 1.14925
0.703153 -0.710996 -0.00778992 116.485 0.710868 0.702702 0.0296046 65.2991 -0.0155748 -0.0263542 0.999531 1.14026
0.703859 -0.710261 -0.0105803 117.069 0.710328 0.703686 0.0161006 65.8715 -0.00399047 -0.018848 0.999814 1.11913
0.703082 -0.710885 -0.0178611 118.258 0.711034 0.70315 0.00316244 67.0563 0.0103109 -0.0149233 0.999835 1.1115
0.7022 -0.711858 -0.0131719 118.882 0.711967 0.702177 0.00705762 67.6698 0.00422499 -0.0143338 0.999888 1.07911
0.700477 -0.713672 0.00214848 119.5 0.713476 0.70035 0.0214986 68.3394 -0.0168476 -0.0135264 0.999766 1.05624
0.69992 -0.714172 0.0083478 120.074 0.713703 0.699809 0.029919 68.9208 -0.0272092 -0.0149831 0.999517 1.13851
0.699135 -0.714989 -0.000809042 120.615 0.714648 0.698765 0.0317085 69.5014 -0.0221059 -0.0227467 0.999497 1.13585
0.698345 -0.715673 -0.0112244 121.175 0.71569 0.697969 0.0250187 70.0727 -0.0100709 -0.0255049 0.999624 1.12788
0.697031 -0.716868 -0.0157406 121.761 0.717037 0.696791 0.0184309 70.6724 -0.00224459 -0.0241335 0.999706 1.12877
0.694921 -0.718969 -0.0129743 122.366 0.719086 0.694799 0.0130197 71.298 -0.00034622 -0.0183773 0.999831 1.14273
0.692052 -0.721805 -0.00786121 122.913 0.72184 0.691954 0.01213 71.8978 -0.00331588 -0.0140691 0.999896 1.15941
0.689233 -0.724514 -0.00608813 123.473 0.724522 0.689134 0.0127395 72.5045 -0.00503439 -0.0131914 0.9999 1.16911
0.686462 -0.727069 -0.0118745 124.011 0.727147 0.686235 0.0183808 73.0786 -0.0052154 -0.0212523 0.999761 1.14675
0.684196 -0.729154 -0.0145072 124.566 0.729282 0.683915 0.0201929 73.7111 -0.00480202 -0.0243957 0.999691 1.16584
0.68269 -0.730532 -0.0160417 125.138 0.730683 0.68232 0.0232733 74.3285 -0.00605632 -0.0276098 0.9996 1.16264
0.681749 -0.731415 -0.0158329 125.702 0.731532 0.681276 0.0268984 74.9418 -0.00888729 -0.0299202 0.999513 1.15174
0.681643 -0.73154 -0.0145477 126.257 0.731619 0.681181 0.0269556 75.5094 -0.00980948 -0.0290175 0.999531 1.16632
0.679957 -0.733137 -0.013001 126.802 0.733206 0.679608 0.0232622 76.0975 -0.00821877 -0.0253497 0.999645 1.18381
0.676986 -0.735899 -0.0119384 127.329 0.735981 0.676779 0.0173504 76.6789 -0.00468845 -0.0205324 0.999778 1.20056
0.671723 -0.740707 -0.0118936 127.838 0.7408 0.671592 0.0133781 77.2885 -0.00192162 -0.0177972 0.99984 1.18987
0.665683 -0.746133 -0.0123635 128.348 0.746233 0.665546 0.0136462 77.9075 -0.00195343 -0.0183101 0.99983 1.17497
0.660562 -0.750709 -0.00967097 128.886 0.750729 0.660333 0.0191591 78.5041 -0.00799682 -0.019916 0.99977 1.13042
0.657584 -0.753381 -0.000317009 129.474 0.753076 0.657305 0.0287356 79.1326 -0.0214405 -0.0191348 0.999587 1.15145
0.654641 -0.755926 0.00459327 130.004 0.755406 0.654395 0.033606 79.7518 -0.0284094 -0.0185301 0.999425 1.17847
0.65129 -0.758824 0.00296107 130.502 0.758399 0.651047 0.0311239 80.3556 -0.0255453 -0.018025 0.999511 1.16461
0.646047 -0.763296 -0.00167879 131.002 0.763113 0.64584 0.0234412 80.9615 -0.0168083 -0.0164252 0.999724 1.15458
0.64065 -0.767817 -0.00491561 131.499 0.767801 0.640551 0.0132788 81.5793 -0.00704699 -0.0122813 0.9999 1.16293
0.634937 -0.772521 -0.00815803 132.017 0.772555 0.634842 0.0115866 82.257 -0.00377187 -0.0136593 0.9999 1.1469
0.62925 -0.777141 -0.00982117 132.54 0.777174 0.629065 0.0166788 82.9254 -0.00678364 -0.0181279 0.999813 1.09703
0.622848 -0.782281 -0.00980138 133.026 0.782293 0.622617 0.0191271 83.5622 -0.00886027 -0.0195808 0.999769 1.10211
0.615699 -0.78785 -0.0144001 133.505 0.787953 0.615419 0.0197372 84.1954 -0.00668781 -0.0234988 0.999701 1.1034
0.601591 -0.798597 -0.0181893 134.516 0.7988 0.601353 0.0171474 85.5388 -0.00275566 -0.0248453 0.999687 1.11252
0.595228 -0.803286 -0.020887 134.983 0.803524 0.594764 0.0246169 86.2065 -0.00735158 -0.0314358 0.999479 1.10211
0.588706 -0.808073 -0.0210634 135.465 0.808245 0.588017 0.031241 86.8834 -0.0128594 -0.0354161 0.99929 1.10002
0.582096 -0.812926 -0.0177538 135.948 0.8129 0.581292 0.035961 87.5538 -0.0189135 -0.0353648 0.999195 1.08694
0.57715 -0.816512 -0.0143513 136.43 0.816319 0.576344 0.0380875 88.2241 -0.0228276 -0.0336974 0.999171 1.07709
0.573162 -0.819328 -0.0136582 136.911 0.819122 0.572394 0.0374675 88.9033 -0.0228803 -0.0326627 0.999205 1.06261
0.569665 -0.821667 -0.0185748 137.38 0.821684 0.568896 0.0345499 89.5901 -0.0178214 -0.0349444 0.99923 1.07317
0.566705 -0.82348 -0.0269394 137.833 0.823851 0.565928 0.0315503 90.2728 -0.0107353 -0.0400738 0.999139 1.07314
0.564317 -0.824919 -0.0324868 138.298 0.825542 0.563624 0.0284249 90.9405 -0.00513784 -0.0428599 0.999068 1.06916
0.561685 -0.82658 -0.0357098 138.757 0.827343 0.560968 0.0286032 91.6259 -0.00361083 -0.0456103 0.998953 1.06621
0.559578 -0.828062 -0.0344315 139.22 0.828714 0.558538 0.0356012 92.3345 -0.0102487 -0.0484555 0.998773 1.05611
0.557041 -0.82993 -0.0303521 139.671 0.830227 0.555587 0.045229 93.0427 -0.0206737 -0.0503936 0.998515 1.04877
0.55329 -0.832629 -0.0245019 140.123 0.832543 0.551792 0.0489704 93.7239 -0.0272542 -0.0474937 0.9985 1.03789
0.54909 -0.835573 -0.0178606 140.562 0.835464 0.548196 0.038471 94.3697 -0.0223542 -0.0360459 0.9991 1.00613
0.54275 -0.839751 -0.0154979 141 0.839808 0.542336 0.0243745 95.0758 -0.0120635 -0.0262446 0.999583 1.04013
0.537089 -0.843239 -0.021981 141.444 0.843472 0.536579 0.025268 95.7749 -0.00951241 -0.0321116 0.999439 1.0175
0.530322 -0.847531 -0.0212035 141.856 0.847683 0.529676 0.0296174 96.5061 -0.0138707 -0.0336806 0.999336 0.988699
0.524268 -0.851502 -0.00932886 142.316 0.851318 0.523835 0.0292282 97.2162 -0.0200011 -0.0232652 0.999529 1.01961
0.513277 -0.858143 0.0117236 143.189 0.857846 0.513409 0.0226073 98.6581 -0.0254193 -0.00154676 0.999676 1.00028
0.507962 -0.861211 0.0170243 143.599 0.861123 0.508193 0.0143449 99.3487 -0.0210056 0.00737339 0.999752 0.995058
0.503267 -0.863933 0.0185202 144.021 0.864032 0.503419 0.00439725 100.034 -0.0131223 0.013789 0.999819 0.977152
0.497761 -0.867151 0.0167896 144.452 0.867302 0.497764 -0.00430996 100.739 -0.00461987 0.016707 0.99985 0.983985
0.491562 -0.870808 0.00778257 144.885 0.870831 0.491582 0.000742762 101.482 -0.00447258 0.00641219 0.999969 0.982184
0.486423 -0.87372 0.00235423 145.298 0.873621 0.486405 0.0140339 102.26 -0.0134068 -0.00476972 0.999899 0.935498
0.481838 -0.876222 0.00821399 145.705 0.875882 0.481885 0.02485 103.025 -0.0257323 -0.00477918 0.999657 0.938285
0.477552 -0.878496 0.0137596 146.1 0.878006 0.477747 0.029398 103.787 -0.0323996 -0.00195811 0.999473 0.940743
0.475306 -0.879764 0.00994443 146.49 0.87936 0.475393 0.0269733 104.537 -0.0284577 -0.00407586 0.999587 0.913865
0.474574 -0.880214 -0.00159725 146.851 0.880106 0.474485 0.0166724 105.24 -0.0139175 -0.00931805 0.99986 0.898542
0.47361 -0.880704 -0.00736626 147.237 0.880722 0.473542 0.00934863 105.982 -0.00474514 -0.0109152 0.999929 0.961032
0.472528 -0.881295 -0.00607883 147.634 0.881308 0.472484 0.00734706 106.702 -0.00360277 -0.00882902 0.999955 0.977828
0.471766 -0.881722 -0.00202981 148.058 0.881622 0.471675 0.016265 107.472 -0.0133838 -0.00946281 0.999866 0.949388
0.471014 -0.882125 0.000760229 148.463 0.881864 0.470895 0.0239391 108.251 -0.0214753 -0.0106052 0.999713 0.921032
0.469814 -0.882752 0.00483455 148.849 0.882398 0.469769 0.026286 109.022 -0.0254752 -0.00808355 0.999643 0.88995
0.468037 -0.883621 0.0124925 149.238 0.88355 0.468174 0.0123139 109.752 -0.0167295 0.00527437 0.999846 0.869401
0.466746 -0.884316 0.011544 149.642 0.884378 0.466771 -0.00056854 110.48 -0.00488565 0.0104747 0.999933 0.912907
0.465819 -0.884794 0.0123488 150.059 0.884871 0.465706 -0.0109673 111.22 0.00395292 0.0160359 0.999864 0.961894
0.46527 -0.885112 0.010066 150.463 0.885148 0.465149 -0.0122289 111.963 0.00614178 0.0145997 0.999875 0.984317
0.464407 -0.885602 0.00590911 150.863 0.885619 0.464411 -0.000743809 112.738 -0.00208554 0.00557866 0.999982 0.934473
0.461791 -0.886878 0.0140156 151.241 0.886911 0.461903 0.00593735 113.504 -0.0117395 0.00968877 0.999884 0.963502
0.459866 -0.887707 0.0223634 151.605 0.887848 0.460095 0.00618052 114.287 -0.0157758 0.0170131 0.999731 0.962423
0.459537 -0.887976 0.0179974 151.978 0.888089 0.459661 0.00325284 115.055 -0.0111611 0.0144885 0.999833 0.916293
0.460451 -0.887558 0.014999 152.344 0.887666 0.460485 -0.00127667 115.786 -0.00577369 0.0139019 0.999887 0.986452
0.460934 -0.887394 0.00847131 152.754 0.887422 0.460956 0.000831255 116.528 -0.00464255 0.00713447 0.999964 0.977162
0.460917 -0.887443 0.000803145 153.132 0.887418 0.460911 0.00713763 117.268 -0.00670441 -0.00257713 0.999974 0.952351
0.459109 -0.888377 0.00231108 153.875 0.888294 0.459099 0.0126887 118.761 -0.0123333 -0.00377256 0.999917 0.963255
0.458056 -0.888906 0.00562418 154.237 0.888851 0.45809 0.00985344 119.513 -0.0113352 0.000485636 0.999936 0.9778
0.457095 -0.889396 0.006204 154.595 0.889393 0.457124 0.00426155 120.252 -0.0066262 0.00356986 0.999972 1.00028
0.456453 -0.889745 0.00194402 154.96 0.889742 0.456457 0.00260204 120.992 -0.00320252 0.000541969 0.999995 1.02376
0.455597 -0.890176 -0.00414505 155.348 0.89015 0.455532 0.0111087 121.723 -0.0080005 -0.00875081 0.99993 0.944712
0.453589 -0.89121 -0.000939043 155.725 0.890989 0.453452 0.0227881 122.439 -0.0198832 -0.0111731 0.99974 0.946221
0.452141 -0.891865 0.0120519 156.061 0.891618 0.4523 0.0210049 123.115 -0.0241846 0.00124855 0.999707 0.998813
0.450935 -0.892297 0.0215325 156.39 0.892267 0.451272 0.0146008 123.801 -0.0227453 0.0126287 0.999662 1.03847
0.452347 -0.891788 0.00981855 156.726 0.89176 0.452427 0.00856935 124.47 -0.0120842 0.00487947 0.999915 0.968023
0.453777 -0.891115 0.000954954 157.043 0.891102 0.453776 0.00501049 125.118 -0.00489826 -0.00142269 0.999987 0.970588
0.454297 -0.890833 -0.00555289 157.357 0.890849 0.454276 0.00464374 125.724 -0.00161425 -0.00705642 0.999974 0.943192
0.456312 -0.889795 -0.00661002 157.665 0.88982 0.456304 0.00276527 126.321 0.000555656 -0.00714355 0.999974 0.954307
0.460088 -0.887848 -0.00661932 157.952 0.887872 0.460089 0.00155627 126.916 0.00166374 -0.00659313 0.999977 0.974283
0.464773 -0.885405 -0.00663434 158.252 0.88543 0.464753 0.00437216 127.519 -0.000787804 -0.0079063 0.999968 0.977472
0.470812 -0.882224 -0.00405206 158.575 0.882184 0.470733 0.0127112 128.094 -0.00930672 -0.00955927 0.999911 0.966499
0.476155 -0.879355 -0.00326147 158.906 0.879196 0.475991 0.0211402 128.675 -0.0170373 -0.0129335 0.999771 0.979332
0.481212 -0.876566 -0.00814754 159.206 0.87646 0.480944 0.0225731 129.264 -0.0158683 -0.0180034 0.999712 0.973141
0.486633 -0.873526 -0.0118981 159.502 0.873547 0.486395 0.0183131 129.842 -0.0102098 -0.0193054 0.999761 0.977832
0.492893 -0.869986 -0.0134711 159.813 0.870089 0.492811 0.00906746 130.423 -0.00124985 -0.0161903 0.999868 0.979582
0.500232 -0.865694 -0.0184733 160.131 0.865867 0.500263 0.00325372 130.999 0.0064248 -0.0176231 0.999824 0.981344
0.506723 -0.861926 -0.0177447 160.491 0.86209 0.506742 0.00374077 131.568 0.00576769 -0.017193 0.999836 1.02234
0.512381 -0.85863 -0.0147971 160.836 0.858754 0.512355 0.0058157 132.114 0.00258781 -0.0156869 0.999874 1.0426
0.517609 -0.855602 -0.0051371 161.183 0.855609 0.517568 0.00756047 132.657 -0.00380995 -0.00830871 0.999958 1.05476
0.522646 -0.852549 -0.0013071 161.527 0.852515 0.52261 0.00982927 133.201 -0.00769683 -0.00625155 0.999951 1.06193
0.526552 -0.850143 -0.000357954 161.861 0.85009 0.526515 0.0113606 133.74 -0.00946962 -0.00628621 0.999935 1.07043
0.527461 -0.849577 -0.00167069 162.196 0.84952 0.5274 0.0128339 134.27 -0.0100222 -0.00818864 0.999916 1.0648
0.526747 -0.85002 -0.00205365 162.545 0.849935 0.526657 0.0155995 134.879 -0.0121783 -0.00996243 0.999876 1.06293
0.52586 -0.850571 0.000353901 162.895 0.850446 0.52579 0.0169304 135.455 -0.0145866 -0.00860205 0.999857 1.06631
0.525842 -0.850582 -0.000160782 163.257 0.850432 0.525746 0.0188618 136.036 -0.0159589 -0.010055 0.999822 1.06527
0.525901 -0.850505 -0.00834947 163.602 0.850455 0.525677 0.019729 136.604 -0.0123905 -0.0174764 0.99977 1.02711
0.525375 -0.850714 -0.0163433 163.924 0.85086 0.525174 0.0151476 137.151 -0.00430324 -0.021864 0.999752 1.00365
0.523381 -0.851885 -0.0190832 164.241 0.85209 0.523343 0.00736778 137.675 0.00371056 -0.0201168 0.999791 1.0177
0.519894 -0.854084 -0.0158374 164.561 0.854187 0.519966 -0.000556303 138.208 0.00871005 -0.0132389 0.999874 1.07526
0.516159 -0.856353 -0.0154816 164.912 0.856487 0.516137 0.0057056 138.803 0.00310462 -0.0162048 0.999864 1.08597
0.512749 -0.858423 -0.0140826 165.237 0.85852 0.512562 0.0149372 139.43 -0.00560422 -0.0197492 0.999789 1.09382
0.509551 -0.860418 -0.006235 165.597 0.860248 0.509271 0.0248427 140.069 -0.0181998 -0.0180223 0.999672 1.09898
0.506079 -0.862478 0.0040492 165.976 0.861994 0.505943 0.0314297 140.682 -0.0291561 -0.0124155 0.999498 1.09179
0.50403 -0.863673 0.00484432 166.333 0.863186 0.503921 0.0312151 141.275 -0.0294008 -0.0115518 0.999501 1.06119
