0.477284 -0.878556 0.0184031 0.681433 0.878745 0.477243 -0.00686302 0.552625 -0.00275319 0.0194472 0.999807 0
0.475232 -0.879765 0.0129692 1.52021 0.87986 0.475195 -0.00602239 2.13681 -0.000864623 0.0142731 0.999898 0
0.47219 -0.881381 0.0142871 2.36203 0.88149 0.472187 -0.00378485 3.73955 -0.00341029 0.0143811 0.999891 0
0.469777 -0.882656 0.0150764 3.22196 0.882781 0.46976 -0.00488892 5.35704 -0.00276707 0.0156059 0.999874 0
0.468399 -0.883376 0.015755 4.08254 0.883508 0.4684 -0.00388579 7.00201 -0.00394701 0.0157398 0.999868 0
0.468751 -0.88317 0.0168285 4.94822 0.883266 0.468861 0.0031437 8.65782 -0.0106666 0.0133904 0.999853 0
0.471274 -0.881708 0.0221963 5.82936 0.881865 0.471477 0.00473311 10.3306 -0.0146383 0.0173436 0.999742 0
0.473771 -0.880418 0.0201159 6.71585 0.880607 0.473845 -0.00122861 12.0205 -0.00845012 0.0182963 0.999797 0
0.475417 -0.879604 0.0165685 7.62292 0.879739 0.475454 -0.0019268 13.7175 -0.00618274 0.015492 0.999861 0
0.474644 -0.879789 0.0261681 8.54863 0.880061 0.474856 0.00218546 15.4309 -0.0143488 0.0219922 0.999655 0
0.472182 -0.8807 0.0375741 9.47864 0.881432 0.47225 -0.00760105 17.1446 -0.0110501 0.0367081 0.999265 0
0.469402 -0.882462 0.0303699 10.4113 0.882963 0.469352 -0.009209 18.9147 -0.00612755 0.0311382 0.999496 0
0.467347 -0.883599 0.0289697 11.3362 0.884015 0.467442 -0.00383387 20.6845 -0.0101541 0.0274014 0.999573 0
0.464754 -0.885167 0.0219841 12.2599 0.885346 0.464923 0.00301856 22.4983 -0.0128929 0.0180607 0.999754 0
0.465201 -0.884935 0.0218559 13.2033 0.884989 0.465491 0.0105851 24.3026 -0.0195409 0.014418 0.999705 0
0.464501 -0.885302 0.0218685 14.1437 0.885398 0.464758 0.00837551 26.0632 -0.0175784 0.0154719 0.999726 0
0.465137 -0.885077 0.0169422 15.0241 0.885105 0.465315 0.00850082 27.8276 -0.0154073 0.0110415 0.99982 0
0.462684 -0.886378 0.0160487 15.9404 0.886343 0.462879 0.0117711 29.5743 -0.0178623 0.00877833 0.999802 0
0.46171 -0.886797 0.0203849 16.8142 0.886949 0.461858 0.00299073 31.3044 -0.0120671 0.0166995 0.999788 0
0.461138 -0.887288 0.00849193 17.7434 0.887238 0.461206 0.00984634 33.067 -0.0126531 0.00299384 0.999916 0
0.461015 -0.887182 0.0193465 18.618 0.887231 0.461237 0.0090184 34.795 -0.0169243 0.0130072 0.999772 0
0.460738 -0.887312 0.0199426 19.5412 0.887407 0.460938 0.00667161 36.4973 -0.0151121 0.0146234 0.999779 0
0.45892 -0.888208 0.0218973 20.4135 0.88828 0.459198 0.0097925 38.2167 -0.018753 0.0149569 0.999712 0
0.457116 -0.88895 0.0285333 21.3283 0.889009 0.457636 0.0152551 39.9244 -0.0266189 0.018393 0.999476 0
0.454713 -0.890285 0.0250598 22.133 0.890479 0.454984 0.00609723 41.6252 -0.0168301 0.0195428 0.999667 0
0.453086 -0.891379 0.0124796 22.9303 0.891378 0.453194 0.00779814 43.1618 -0.0126068 0.00759081 0.999892 0
0.451671 -0.892142 0.00874024 23.7461 0.892048 0.451752 0.0130774 44.8184 -0.0156153 0.00189004 0.999876 0
0.448577 -0.893707 0.00819528 24.5298 0.893605 0.44865 0.0135285 46.3478 -0.0157674 0.00125475 0.999875 0
0.446819 -0.894601 0.00651764 25.2283 0.89447 0.446866 0.0153067 47.7991 -0.0166059 -0.00100952 0.999862 0
0.445058 -0.895463 0.00826781 25.9512 0.895278 0.445134 0.0182307 49.3157 -0.0200052 -0.000711737 0.9998 0
0.442105 -0.896954 0.00408793 26.6708 0.896561 0.442038 0.027937 50.7157 -0.0268652 -0.00868598 0.999601 0
0.439187 -0.898388 0.00380654 27.5805 0.898331 0.439202 0.0100852 52.6762 -0.0107322 -0.00100974 0.999942 0
0.436667 -0.899623 -0.00018977 28.4718 0.899512 0.436609 0.015831 54.5246 -0.0141591 -0.00708359 0.999875 0
0.435719 -0.900065 0.00568905 29.319 0.900078 0.435728 0.000562001 56.1703 -0.00298472 0.00487572 0.999984 0
0.447157 -0.894447 -0.00390274 30.0504 0.894431 0.447109 0.00929655 57.7342 -0.00657032 -0.00764775 0.999949 0
0.468614 -0.883347 0.00990453 30.7797 0.883264 0.46871 0.0124683 59.0998 -0.0156562 0.00290549 0.999873 0
0.518538 -0.855053 0.0018044 31.5358 0.854884 0.518476 0.018863 60.4 -0.0170644 -0.00823864 0.999821 0
0.627303 -0.778718 0.00947614 32.5887 0.778454 0.627347 0.0210665 61.7741 -0.0223497 -0.00583835 0.999733 0
0.767171 -0.641405 0.0069385 33.7969 0.641171 0.767116 0.020823 62.8741 -0.0186786 -0.011526 0.999759 0
0.902631 -0.430393 0.00431188 35.237 0.430264 0.902536 0.0173612 63.6737 -0.0113638 -0.0138155 0.99984 0
0.99128 -0.131407 0.00986173 37.0185 0.131253 0.991237 0.014888 64.0244 -0.0117317 -0.0134638 0.999841 0
0.984508 0.175313 0.00316819 39.2631 -0.175318 0.984511 0.00128766 63.8116 -0.00289337 -0.00182315 0.999994 0
0.944023 0.329879 0.000376699 41.0849 -0.329854 0.943936 0.0134792 63.2781 0.00409093 -0.0128489 0.999909 0
0.913108 0.407351 -0.0172693 42.6175 -0.407255 0.913271 0.00891303 62.6097 0.0194023 -0.00110554 0.999811 0
0.88789 0.459992 -0.0076589 44.3173 -0.459971 0.887923 0.00437256 61.7046 0.00881186 -0.000359483 0.999961 0
0.876189 0.481846 -0.0108604 45.7046 -0.481863 0.876246 0.00116798 60.8824 0.0100792 0.00420987 0.99994 0
0.868521 0.495436 -0.0146222 47.223 -0.495508 0.868602 -0.00153277 59.9923 0.0119415 0.00857667 0.999892 0
0.863792 0.503689 -0.0126793 48.9066 -0.503736 0.863858 -0.000581933 59.0299 0.01066 0.00688971 0.99992 0
0.864775 0.501897 -0.0162101 50.6417 -0.502014 0.864851 -0.00386736 57.9611 0.0120783 0.0114821 0.999861 0
0.869724 0.493276 -0.0160979 51.9199 -0.493375 0.869813 -0.00261497 57.2326 0.0127123 0.0102166 0.999867 0
0.874048 0.48565 -0.0135665 53.2954 -0.485686 0.874133 0.000722223 56.4749 0.0122097 0.00595781 0.999908 0
0.877263 0.479902 -0.0102411 54.6925 -0.479933 0.877305 -0.000636972 55.7251 0.00867891 0.00547384 0.999947 0
0.880493 0.473843 -0.0143101 56.1089 -0.473888 0.880585 0.00025354 54.945 0.0127214 0.00655815 0.999898 0
0.881286 0.472329 -0.015522 57.5603 -0.472244 0.881422 0.00900726 54.2144 0.0179358 -0.000607814 0.999839 0
0.880604 0.47372 -0.0112162 59.1185 -0.473552 0.880642 0.0147808 53.3766 0.0168794 -0.00770453 0.999828 0
0.880889 0.473233 -0.00921434 60.5062 -0.473039 0.880868 0.0174748 52.6444 0.0163863 -0.0110346 0.999805 0
0.881049 0.472919 -0.0100477 61.9921 -0.47269 0.881025 0.0189383 51.8784 0.0178086 -0.0119361 0.99977 0
0.879569 0.475702 -0.00811691 63.4425 -0.475424 0.879451 0.0231754 51.117 0.018163 -0.0165254 0.999699 0
0.875896 0.482501 0.000238238 64.8902 -0.482276 0.875473 0.0309135 50.3405 0.0147072 -0.0271919 0.999522 0
0.869326 0.494234 0.00213489 66.31 -0.494067 0.868903 0.0300782 49.5609 0.0130106 -0.0272025 0.999545 0
0.859278 0.511506 0.00180322 67.6873 -0.511321 0.858859 0.0301981 48.7399 0.0138978 -0.0268706 0.999542 0
0.848332 0.529457 0.00286424 69.0522 -0.529317 0.847955 0.0282289 47.945 0.0125172 -0.0254636 0.999597 0
0.835367 0.549671 0.00491613 70.395 -0.549568 0.834953 0.0287716 47.0456 0.0117102 -0.0267366 0.999574 0
0.823591 0.567129 0.00789026 71.6718 -0.567036 0.822979 0.0342839 46.2243 0.0129498 -0.0327099 0.999381 0
0.811522 0.584317 0.00225454 72.9417 -0.584094 0.811093 0.0310324 45.3291 0.0163041 -0.0265003 0.999516 0
0.800145 0.599806 0.000388622 74.1039 -0.599588 0.799837 0.0274842 44.4342 0.0161743 -0.0222243 0.999622 0
0.790609 0.612321 0.00119441 75.2932 -0.612146 0.790334 0.0254937 43.542 0.0146663 -0.0208867 0.999674 0
0.784495 0.620129 0.00286182 76.4567 -0.620033 0.784273 0.021778 42.6045 0.0112607 -0.0188591 0.999759 0
0.782155 0.623083 0.000949644 77.5397 -0.623023 0.782057 0.0151297 41.741 0.00868441 -0.0124254 0.999885 0
0.783881 0.620902 -0.00341391 79.0637 -0.620798 0.783831 0.0147759 40.5427 0.0118503 -0.00946318 0.999885 0
0.800102 0.599859 -0.00247976 80.4999 -0.599712 0.799986 0.0191829 39.4521 0.0134908 -0.0138611 0.999813 0
0.827911 0.560809 -0.00751689 81.8386 -0.560522 0.827804 0.0235681 38.4872 0.0194397 -0.0152989 0.999694 0
0.868201 0.496086 -0.0112589 83.2364 -0.49574 0.86814 0.023983 37.8398 0.0216719 -0.0152406 0.999649 0
0.923068 0.384631 -0.00212178 84.6411 -0.384438 0.922755 0.0270069 37.2229 0.0123456 -0.0241136 0.999633 0
0.984221 0.176912 0.00327386 86.5127 -0.176935 0.983838 0.0274922 36.9816 0.00164276 -0.0276377 0.999617 0
0.995368 -0.0953475 -0.0123127 88.462 0.0956281 0.995111 0.0246779 37.1236 0.00989951 -0.025741 0.99962 0
0.930887 -0.36527 -0.00511773 90.2513 0.365287 0.930603 0.0233044 37.754 -0.00374984 -0.0235632 0.999715 0
0.81789 -0.575324 0.00765013 91.8406 0.574671 0.817474 0.0385798 38.7038 -0.0284497 -0.0271577 0.999226 0
0.746184 -0.66574 -0.000146382 92.8793 0.665064 0.745417 0.0452059 39.6351 -0.0299863 -0.0338293 0.998978 0
0.704765 -0.70944 -0.00122551 94.2195 0.708631 0.703877 0.0489812 40.9757 -0.0338866 -0.0353887 0.998799 0
0.699106 -0.714817 -0.0169856 95.3404 0.714493 0.697484 0.0549161 42.1151 -0.0274078 -0.0505283 0.998347 0
0.709823 -0.703953 -0.024533 96.5079 0.70422 0.70849 0.0459938 43.3154 -0.0149961 -0.0499241 0.99864 0
0.718886 -0.694777 -0.022105 97.8423 0.694845 0.717321 0.0513864 44.6439 -0.0198457 -0.0523005 0.998434 0
0.727404 -0.686028 -0.0157709 99.1708 0.685639 0.725673 0.0574245 45.9575 -0.0279503 -0.052584 0.998225 0
0.727379 -0.686012 -0.0175405 100.667 0.68599 0.726195 0.0453699 47.3542 -0.0183865 -0.0450337 0.998816 0
0.723066 -0.690296 -0.0258293 101.699 0.690596 0.721506 0.0500708 48.3139 -0.0159277 -0.0540421 0.998412 0
0.720819 -0.693007 -0.0126462 102.759 0.692693 0.71961 0.0483588 49.3484 -0.0244127 -0.0436179 0.99875 0
0.717579 -0.696375 -0.0119334 103.784 0.696137 0.716586 0.0435603 50.3976 -0.021783 -0.0395652 0.99898 0
0.713137 -0.700678 -0.0220532 104.91 0.700842 0.711879 0.0452607 51.5026 -0.016014 -0.0477329 0.998732 0
0.707558 -0.706361 -0.0203659 106.054 0.706459 0.706391 0.0438951 52.5901 -0.0166196 -0.045446 0.998829 0
0.7044 -0.709606 -0.0167232 107.231 0.709474 0.70316 0.0470433 53.7548 -0.0216231 -0.045002 0.998753 0
0.703624 -0.710455 -0.0129231 108.323 0.710176 0.702507 0.0461931 54.9301 -0.0237396 -0.0416802 0.998849 0
0.70342 -0.710577 -0.0167571 109.495 0.710458 0.702209 0.0463887 56.0774 -0.0211958 -0.0445359 0.998783 0
0.705671 -0.707953 -0.028812 110.698 0.708278 0.703722 0.055835 57.3094 -0.0192529 -0.0598081 0.998024 0
0.710482 -0.703236 -0.0259714 111.916 0.703441 0.708692 0.0540877 58.5259 -0.0196307 -0.0566977 0.998198 0
0.711894 -0.701797 -0.0262251 113.145 0.702058 0.71021 0.0521279 59.7366 -0.0179579 -0.055521 0.998296 0
0.712706 -0.701181 -0.0198952 114.392 0.701265 0.711545 0.0439362 60.9466 -0.0166509 -0.0452654 0.998836 0
0.714672 -0.699127 -0.0215535 115.608 0.699045 0.712848 0.0564249 62.1574 -0.0240838 -0.0553921 0.998174 0
0.716475 -0.697279 -0.0215983 116.827 0.697235 0.714723 0.0550943 63.3562 -0.0229793 -0.0545327 0.998248 0
0.716124 -0.697493 -0.0258932 118.007 0.697955 0.715345 0.033758 64.5077 -0.00502338 -0.0422473 0.999095 0
0.715198 -0.698772 -0.0144725 119.216 0.69849 0.713876 0.0499234 65.7198 -0.0245535 -0.045814 0.998648 0
0.713222 -0.700935 0.00187615 120.415 0.699678 0.712098 0.0580244 66.9067 -0.0420074 -0.0400716 0.998313 0
0.711439 -0.702555 -0.016466 121.569 0.702536 0.710456 0.0411656 68.0283 -0.0172228 -0.0408548 0.999017 0
0.709077 -0.704876 -0.0189804 122.793 0.704904 0.707909 0.0444285 69.2535 -0.0178801 -0.0448826 0.998832 0
0.703441 -0.710539 -0.0174753 123.913 0.710593 0.702547 0.038536 70.4212 -0.0151041 -0.0395257 0.999104 0
0.697832 -0.716019 -0.0186492 125.028 0.7161 0.696884 0.0394124 71.6429 -0.0152237 -0.0408579 0.999049 0
0.696231 -0.717569 -0.0189206 126.16 0.717501 0.694898 0.0480527 72.8457 -0.0213332 -0.0470313 0.998666 0
0.693387 -0.720411 -0.0149101 127.324 0.720344 0.692513 0.0391199 73.9882 -0.017857 -0.0378656 0.999123 0
0.685093 -0.728327 -0.0136919 128.392 0.728302 0.684442 0.0334026 75.1546 -0.0149567 -0.0328557 0.999348 0
0.676242 -0.736638 -0.00785468 129.533 0.736195 0.675373 0.0434587 76.3619 -0.0267085 -0.0351712 0.999024 0
0.669766 -0.742571 0.00156698 130.637 0.74154 0.668944 0.0513029 77.5734 -0.0391443 -0.033199 0.998682 0
0.661882 -0.749572 -0.00735745 131.683 0.749166 0.661122 0.0408435 78.7745 -0.025751 -0.0325455 0.999139 0
0.650655 -0.75935 -0.00597215 132.68 0.759073 0.650156 0.0332505 79.9988 -0.0213659 -0.0261679 0.999429 0
0.638881 -0.769223 -0.0112803 133.72 0.769009 0.638159 0.037119 81.2733 -0.0213541 -0.0323893 0.999247 0
0.625434 -0.780078 -0.0176277 134.773 0.780157 0.624783 0.0316497 82.5598 -0.0136757 -0.0335471 0.999344 0
0.612662 -0.79013 -0.018457 135.803 0.790066 0.611656 0.0409003 83.9047 -0.0210272 -0.0396403 0.998993 0
0.600502 -0.799526 -0.012507 136.785 0.798979 0.599316 0.0495195 85.2355 -0.0320965 -0.0397293 0.998695 0
0.592157 -0.805715 -0.013193 137.785 0.805205 0.590983 0.048816 86.5712 -0.0315349 -0.0395298 0.998721 0
0.585114 -0.810623 -0.0230873 138.679 0.810609 0.583804 0.0456722 87.8857 -0.0235445 -0.0454382 0.99869 0
0.579639 -0.81434 -0.0294762 139.626 0.814567 0.57805 0.0483714 89.275 -0.0223521 -0.0520483 0.998394 0
0.574741 -0.818032 -0.0222554 140.585 0.8173 0.572435 0.0658699 90.6689 -0.041144 -0.0560475 0.99758 0
0.566645 -0.823836 -0.0143891 141.491 0.8233 0.565405 0.0499391 91.9604 -0.033006 -0.0401443 0.998649 0
0.555811 -0.830957 -0.0241784 142.39 0.830912 0.554411 0.0470552 93.3102 -0.0256961 -0.0462439 0.9986 0
0.543415 -0.839437 -0.00679356 143.352 0.8388 0.542645 0.0441726 94.7727 -0.0333936 -0.0297025 0.999001 0
0.533048 -0.846068 0.00536868 144.229 0.845269 0.532802 0.0405346 96.1483 -0.0371554 -0.0170689 0.999164 0
0.522797 -0.852392 0.0105649 145.177 0.85211 0.522898 0.0220446 97.5416 -0.024315 -0.00252243 0.999701 0
0.510085 -0.860122 0.00188515 146.028 0.859773 0.509938 0.0274656 99.0135 -0.024585 -0.012389 0.999621 0
0.501622 -0.865064 0.0062474 146.922 0.863902 0.5013 0.0486971 100.535 -0.045258 -0.0190304 0.998794 0
0.496375 -0.868101 0.00360228 147.791 0.867396 0.496131 0.0384423 102.052 -0.035159 -0.0159572 0.999254 0
0.493194 -0.869847 -0.0112081 148.517 0.869658 0.492689 0.0308657 103.405 -0.0213264 -0.02497 0.999461 0
0.490209 -0.871597 -0.0037034 149.353 0.8711 0.489776 0.036104 104.932 -0.0296543 -0.0209245 0.999341 0
0.488589 -0.872502 0.00461962 150.227 0.871726 0.488366 0.0398932 106.495 -0.037063 -0.0154643 0.999193 0
0.485851 -0.87403 0.00456051 151.012 0.873828 0.485841 0.0195737 107.879 -0.0193237 -0.00552482 0.999798 0
0.482699 -0.875785 -0.00184089 151.824 0.875579 0.482538 0.0227577 109.42 -0.0190425 -0.012597 0.999739 0
0.480421 -0.877003 0.00776332 152.687 0.876604 0.480443 0.0272079 111.011 -0.0275913 -0.0062659 0.9996 0
0.479423 -0.877412 0.0173879 153.467 0.877325 0.479669 0.0147921 112.433 -0.0213192 0.00816314 0.999739 0
0.47851 -0.878052 0.00724283 154.239 0.877801 0.478549 0.0213413 113.921 -0.0222048 -0.00385425 0.999746 0
0.477921 -0.87839 0.00471201 155.021 0.877957 0.477843 0.0292915 115.454 -0.0279809 -0.00986207 0.99956 0
0.477804 -0.878455 0.00458174 155.793 0.878125 0.477757 0.0253972 116.865 -0.0244993 -0.00811156 0.999667 0
0.47532 -0.879801 -0.00466843 156.562 0.879561 0.47505 0.0264386 118.32 -0.021043 -0.016673 0.99964 0
0.471804 -0.881665 0.00821133 157.294 0.880874 0.471744 0.0389815 119.675 -0.0382423 -0.0111585 0.999206 0
0.469784 -0.882776 0.00298726 158.031 0.88199 0.469504 0.0407469 121.049 -0.037373 -0.0165075 0.999165 0
0.472516 -0.881259 -0.0105793 159.061 0.881087 0.472079 0.0287603 122.937 -0.020351 -0.022911 0.99953 0
0.483899 -0.875118 0.00310608 160.014 0.874891 0.48385 0.0213418 124.761 -0.0201795 -0.0076098 0.999767 0
0.499601 -0.866254 0.00153073 160.961 0.86575 0.499369 0.0332785 126.503 -0.0295921 -0.0153008 0.999445 0
0.518358 -0.855137 -0.00676699 161.95 0.8551 0.518207 0.0162814 128.22 -0.0104161 -0.0142261 0.999845 0
0.534977 -0.844867 -0.000692721 162.99 0.844626 0.534805 0.0243044 129.854 -0.0201635 -0.0135874 0.999704 0
0.542624 -0.839964 0.00444991 164.062 0.839671 0.542563 0.0240313 131.46 -0.0225998 -0.00930352 0.999701 0
0.541942 -0.840399 0.00539795 165.116 0.83989 0.541818 0.0319145 133.136 -0.0297457 -0.0127621 0.999476 0
0.538139 -0.842812 -0.00857543 166.135 0.842812 0.537979 0.0156827 134.766 -0.0086042 -0.015667 0.99984 0
0.528414 -0.848968 -0.00566499 167.224 0.848681 0.528034 0.0303362 136.51 -0.0227631 -0.0208378 0.999524 0
0.51851 -0.855024 0.00900636 168.305 0.854018 0.518365 0.0441675 138.272 -0.0424328 -0.0152097 0.998984 0
0.512345 -0.85877 0.00420902 169.019 0.858253 0.512196 0.0325087 139.497 -0.0300734 -0.0130433 0.999463 0
0.508399 -0.860889 0.0200215 170.094 0.860451 0.508783 0.0276323 141.27 -0.033975 0.00317927 0.999418 0
0.506991 -0.861515 0.0274282 170.853 0.861207 0.507619 0.0254159 142.511 -0.0358193 0.0107357 0.999301 0
0.504026 -0.862913 0.0365928 171.88 0.863094 0.504798 0.0157255 144.268 -0.0320417 0.023657 0.999206 0
0.502796 -0.863361 0.0424813 172.63 0.863518 0.503899 0.0205559 145.515 -0.0391535 0.026348 0.998886 0
0.503478 -0.863056 0.0405363 173.626 0.863626 0.504096 0.0060912 147.223 -0.0256913 0.0319414 0.99916 0
0.503592 -0.863438 0.0294974 174.63 0.863611 0.50405 0.0104727 148.969 -0.0239107 0.0202003 0.99951 0
0.50143 -0.864088 0.0438156 175.613 0.864242 0.502613 0.0215695 150.655 -0.0406603 0.0270517 0.998807 0
0.487207 -0.871643 0.0535462 176.449 0.872422 0.488537 0.0145722 152.132 -0.038861 0.0396152 0.998459 0
0.452289 -0.890197 0.0546256 177.142 0.891381 0.453222 0.00539546 153.551 -0.0295605 0.0462519 0.998492 0
0.358967 -0.931302 0.0617956 177.86 0.932809 0.360226 0.0102349 155.407 -0.0317922 0.0539695 0.998036 0
0.203096 -0.978106 0.0453905 178.256 0.979045 0.203561 0.00581906 157.167 -0.0149314 0.0432575 0.998952 0
-0.0677315 -0.997654 -0.00995049 178.067 0.997636 -0.0678399 0.010985 159.268 -0.0116343 -0.00918293 0.99989 0
-0.295624 -0.95459 -0.0369364 177.549 0.954131 -0.296956 0.0381015 160.951 -0.0473398 -0.0239784 0.998591 0
-0.505686 -0.862126 -0.0319508 176.73 0.861393 -0.506614 0.0366545 162.4 -0.0477875 -0.00898656 0.998817 0
-0.685952 -0.727343 -0.0210225 175.523 0.726871 -0.686268 0.0263564 163.687 -0.0335972 0.00279857 0.999432 0
-0.800515 -0.599042 -0.0180061 173.989 0.598722 -0.800698 0.0203324 164.842 -0.0265974 0.0054958 0.999631 0
-0.845574 -0.533645 -0.0151037 172.753 0.53342 -0.845688 0.0165927 165.659 -0.0216276 0.00597372 0.999748 0
-0.865994 -0.499769 -0.016913 171.374 0.49973 -0.866155 0.00674111 166.428 -0.0180182 -0.00261416 0.999834 0
-0.872517 -0.488351 -0.0150949 169.786 0.488343 -0.87264 0.00448729 167.281 -0.0153638 -0.00345625 0.999876 0
-0.87332 -0.486951 -0.013803 168.103 0.486876 -0.873429 0.00860005 168.176 -0.0162437 0.00079025 0.999868 0
-0.872452 -0.488609 -0.00944857 166.811 0.488537 -0.872497 0.00895671 168.886 -0.0126202 0.00319832 0.999915 0
-0.872303 -0.488898 -0.00810187 165.515 0.488847 -0.872337 0.00753212 169.602 -0.01075 0.00260971 0.999939 0
-0.870836 -0.491516 -0.00749468 164.074 0.491458 -0.870861 0.00837929 170.366 -0.0106454 0.00361366 0.999937 0
-0.869012 -0.494782 -0.00291113 162.636 0.494677 -0.868923 0.0163221 171.18 -0.0106054 0.012744 0.999863 0
-0.867688 -0.497088 -0.00460682 161.115 0.496934 -0.86759 0.0185376 172.051 -0.0132117 0.0137956 0.999818 0
-0.866934 -0.498345 -0.00879022 159.559 0.49801 -0.8668 0.0253686 172.944 -0.0202617 0.0176153 0.99964 0
-0.868201 -0.496177 -0.00594971 158.02 0.495904 -0.868022 0.0248305 173.798 -0.0174848 0.0186073 0.999674 0
-0.869196 -0.494466 -0.000968998 156.527 0.494292 -0.868938 0.0249297 174.644 -0.0131689 0.0211898 0.999689 0
-0.872248 -0.489006 -0.0074688 154.927 0.488619 -0.872005 0.0293165 175.518 -0.0208488 0.0219219 0.999542 0
-0.875006 -0.484029 -0.00898676 153.41 0.483421 -0.874598 0.0371863 176.383 -0.0258591 0.0281939 0.999268 0
-0.878397 -0.4779 -0.00555595 151.854 0.477423 -0.877937 0.0359849 177.216 -0.022075 0.0289565 0.999337 0
-0.879452 -0.475982 -0.00206259 150.283 0.475604 -0.87891 0.0363137 178.077 -0.0190975 0.0309552 0.999338 0
-0.880227 -0.474551 -0.00155332 148.754 0.47429 -0.879841 0.0304691 178.88 -0.0158258 0.026083 0.999534 0
-0.88009 -0.474806 -0.000925772 147.254 0.474641 -0.879833 0.0246993 179.674 -0.0125419 0.0212982 0.999694 0
-0.878835 -0.47709 -0.00581613 145.74 0.476933 -0.878762 0.0176795 180.473 -0.0135457 0.0127635 0.999827 0
-0.876224 -0.481863 -0.0062892 144.225 0.481677 -0.876137 0.0192714 181.266 -0.0147964 0.0138567 0.999795 0
-0.874703 -0.484656 -0.00157574 142.802 0.484372 -0.874293 0.0315366 182.102 -0.0166621 0.0268219 0.999501 0
-0.872861 -0.487967 -0.00159998 141.322 0.487735 -0.872538 0.0281391 182.871 -0.015127 0.0237812 0.999603 0
-0.872744 -0.488148 -0.00549475 139.875 0.487802 -0.872457 0.0294683 183.717 -0.0191788 0.0230379 0.999551 0
-0.873064 -0.487534 -0.00834551 138.445 0.48701 -0.872716 0.0344756 184.493 -0.0240913 0.0260351 0.999371 0
-0.875857 -0.482558 -0.00351644 136.991 0.482169 -0.875402 0.0344168 185.268 -0.0196864 0.0284487 0.999401 0
-0.880082 -0.474788 -0.00569005 135.552 0.474544 -0.879914 0.0236445 185.989 -0.0162329 0.0181089 0.999704 0
-0.884953 -0.465588 -0.00930829 134.16 0.465409 -0.884942 0.016523 186.729 -0.0159302 0.0102899 0.99982 0
-0.888777 -0.458096 -0.0149499 132.707 0.457933 -0.888889 0.0131632 187.481 -0.0193188 0.00485309 0.999802 0
-0.892034 -0.451648 -0.0170387 131.294 0.451489 -0.89219 0.0124473 188.137 -0.0208236 0.00341058 0.999777 0
-0.893539 -0.448574 -0.0192394 129.885 0.448532 -0.893742 0.0066903 188.805 -0.0201961 -0.00265142 0.999793 0
-0.893878 -0.447765 -0.0220983 128.539 0.447858 -0.894105 0.000820349 189.479 -0.0201255 -0.00916359 0.999756 0
-0.893637 -0.448215 -0.0227124 126.631 0.44834 -0.893863 -0.00047251 190.369 -0.02009 -0.0106051 0.999742 0
-0.890189 -0.454786 -0.0270708 124.824 0.455065 -0.890445 -0.00485397 191.298 -0.0218976 -0.0166399 0.999622 0
-0.886227 -0.462569 -0.0251265 123.1 0.462851 -0.886412 -0.00653268 192.164 -0.0192507 -0.0174193 0.999663 0
-0.881596 -0.471346 -0.0249293 121.558 0.471612 -0.881787 -0.005788 192.963 -0.0192542 -0.0168596 0.999672 0
-0.874966 -0.483539 -0.0250042 120.145 0.483794 -0.875167 -0.00502709 193.736 -0.0194521 -0.0164954 0.999675 0
-0.86623 -0.498915 -0.0270153 118.511 0.49907 -0.866561 0.00117951 194.667 -0.0239989 -0.0124608 0.999634 0
-0.854381 -0.518834 -0.0290731 117.108 0.519028 -0.854757 0.00100212 195.513 -0.0253703 -0.0142335 0.999577 0
-0.839651 -0.54255 -0.0250039 115.795 0.542664 -0.839946 0.00255047 196.381 -0.0223856 -0.0114272 0.999684 0
-0.829299 -0.558747 -0.00804862 114.571 0.558749 -0.829334 0.00225927 197.151 -0.00793735 -0.00262354 0.999965 0
-0.79421 -0.607633 0.00353324 113.403 0.607587 -0.794203 -0.00896271 198.032 0.00825214 -0.00497153 0.999954 0
-0.696016 -0.718025 -0.00159929 112.308 0.718026 -0.696016 -0.000772255 199.118 -0.000558631 -0.00168583 0.999998 0
-0.529523 -0.848268 -0.00686869 111.469 0.848104 -0.529558 0.0169541 200.387 -0.018019 0.00315223 0.999833 0
-0.276828 -0.960919 0.000703827 110.875 0.960701 -0.27675 0.0215275 202.014 -0.0204914 0.0066356 0.999768 0
0.0369709 -0.999309 0.00394136 110.7 0.999199 0.0370268 0.0151958 204.076 -0.0153312 0.0033764 0.999877 0
0.256642 -0.966421 0.0128495 111.235 0.966367 0.256809 0.0135902 205.907 -0.0164337 0.00892952 0.999825 0
0.377811 -0.925794 0.0128223 111.802 0.925766 0.377947 0.0106472 207.45 -0.0147033 0.00784781 0.999861 0
0.454092 -0.890787 0.0172904 112.614 0.890808 0.454284 0.00933796 209.144 -0.0161729 0.0111621 0.999807 0
0.492211 -0.870347 0.0149631 113.602 0.870329 0.492371 0.00992331 210.859 -0.0160041 0.00813849 0.999839 0
0.511491 -0.859074 0.0191975 114.606 0.859151 0.511681 0.0064578 212.626 -0.0153708 0.0131905 0.999795 0
0.516569 -0.856013 0.0199316 115.732 0.856064 0.516799 0.00854976 214.531 -0.0176193 0.0126462 0.999765 0
0.518093 -0.855021 0.0227972 116.547 0.855079 0.518399 0.0101628 215.875 -0.0205074 0.0142281 0.999689 0
0.514765 -0.856951 0.0255451 117.393 0.857163 0.515026 0.00451102 217.243 -0.0170221 0.0195742 0.999664 0
0.512783 -0.858271 0.0205844 118.206 0.858468 0.512864 -0.0015471 218.649 -0.00922916 0.0184644 0.999787 0
0.512366 -0.858727 0.00825629 119.095 0.858705 0.512421 0.00713111 220.162 -0.0103544 0.00343598 0.99994 0
0.512419 -0.858347 0.0258535 120.005 0.858299 0.512886 0.0164681 221.704 -0.0273952 0.0137515 0.99953 0
0.51076 -0.859109 0.032496 120.958 0.859488 0.511139 0.00406731 223.259 -0.0201042 0.0258525 0.999464 0
0.508674 -0.860591 0.0251584 121.884 0.860916 0.508724 -0.00486101 224.851 -0.00861536 0.024132 0.999672 0
0.507241 -0.86155 0.0209282 122.868 0.861764 0.507303 -0.00265318 226.547 -0.00833108 0.0193809 0.999777 0
0.507066 -0.861542 0.0250883 123.835 0.861702 0.507366 0.00707362 228.237 -0.0188232 0.0180319 0.99966 0
0.507307 -0.861224 0.030555 124.858 0.861401 0.507805 0.0111001 229.984 -0.0250756 0.0206889 0.999472 0
0.507474 -0.861178 0.0290363 125.884 0.861483 0.507774 0.00355699 231.713 -0.0178071 0.0232092 0.999572 0
0.50677 -0.861696 0.0257807 126.949 0.861981 0.50694 9.15318e-05 233.509 -0.0131481 0.0221761 0.999668 0
0.503295 -0.863575 0.0305186 128.011 0.863906 0.503635 0.00417065 235.351 -0.0189719 0.0242661 0.999525 0
0.501587 -0.86452 0.0318588 129.065 0.864981 0.501803 -0.0013949 237.088 -0.0147809 0.0282569 0.999491 0
0.4985 -0.866677 0.0192098 130.157 0.866861 0.498542 -0.00288401 238.929 -0.00707736 0.0180899 0.999811 0
0.495455 -0.868479 0.0164246 131.163 0.86859 0.495531 0.000665465 240.802 -0.00871683 0.0139365 0.999865 0
0.492738 -0.870065 0.0139775 132.189 0.87004 0.492882 0.00987354 242.653 -0.0154799 0.00729587 0.999854 0
0.491589 -0.870732 0.0128881 133.173 0.870662 0.49173 0.012183 244.48 -0.0169456 0.00523209 0.999843 0
0.491352 -0.870892 0.0109927 134.223 0.870864 0.491447 0.00869532 246.349 -0.012975 0.00530065 0.999902 0
0.492123 -0.870287 0.0203907 135.202 0.870504 0.492141 -0.00449642 248.113 -0.00612193 0.019963 0.999782 0
0.492594 -0.870237 0.00626278 136.254 0.870211 0.492629 0.00702178 249.996 -0.00919585 0.00199105 0.999956 0
0.493308 -0.869799 0.00990019 137.252 0.869775 0.493385 0.00797102 251.733 -0.0118178 0.00467877 0.999919 0
0.494235 -0.869239 0.0124357 138.269 0.869134 0.494376 0.0140846 253.538 -0.0183908 0.00384723 0.999824 0
0.494837 -0.868843 0.0157821 139.287 0.868874 0.494983 0.00706073 255.354 -0.0139465 0.0102187 0.999851 0
0.49483 -0.868938 0.00945629 140.217 0.868961 0.494873 0.00274767 257.03 -0.00706722 0.00685751 0.999952 0
0.494452 -0.869202 0.00214803 141.264 0.869186 0.494456 0.00533981 258.883 -0.00570348 -0.000773247 0.999983 0
0.494487 -0.869176 0.00398811 142.295 0.869163 0.494502 0.00483634 260.738 -0.00617575 0.00107481 0.99998 0
0.493585 -0.869692 -0.00296801 143.277 0.869665 0.493534 0.0103576 262.522 -0.00754309 -0.00769352 0.999942 0
0.494307 -0.869287 -0.000870518 144.274 0.869234 0.494266 0.0115633 264.261 -0.00962153 -0.00647249 0.999933 0
0.496469 -0.868054 3.54834e-06 145.303 0.868017 0.496448 0.00924449 266.124 -0.00802648 -0.00458652 0.999957 0
0.497205 -0.867633 -0.00104203 146.353 0.867598 0.497173 0.00967916 267.922 -0.00787989 -0.00571659 0.999953 0
0.497036 -0.867724 0.00317338 147.408 0.867713 0.497046 0.00450371 269.818 -0.0054853 0.000515077 0.999985 0
0.496304 -0.868146 -0.00208857 148.463 0.868144 0.496292 0.00449111 271.691 -0.0028624 -0.00404213 0.999988 0
0.497797 -0.867277 -0.00533114 149.491 0.867235 0.497682 0.0147336 273.443 -0.0101249 -0.0119577 0.999877 0
0.497519 -0.867452 -0.00147562 150.608 0.867329 0.497419 0.0177309 275.454 -0.0146467 -0.0101013 0.999842 0
0.497232 -0.867559 0.0100569 151.63 0.867526 0.497315 0.00879204 277.286 -0.0126291 0.00435291 0.999911 0
0.49637 -0.867994 0.0142656 152.666 0.868054 0.496458 0.00331438 279.125 -0.00995915 0.0107382 0.999893 0
0.495575 -0.868535 0.0072104 153.819 0.868512 0.495619 0.00692977 281.111 -0.00959237 0.0028281 0.99995 0
0.493822 -0.869139 0.0271419 154.807 0.86934 0.494162 0.00724549 282.848 -0.0197099 0.0200176 0.999605 0
0.492679 -0.869977 0.0201775 155.853 0.870146 0.492793 0.000784358 284.675 -0.0106257 0.0171709 0.999796 0
0.492469 -0.870213 0.0142259 156.912 0.870271 0.49256 0.00352504 286.534 -0.0100747 0.0106444 0.999893 0
0.49071 -0.87121 0.0140263 157.848 0.871207 0.490844 0.00843684 288.212 -0.014235 0.00807977 0.999866 0
0.489236 -0.87181 0.0243838 158.845 0.871933 0.489548 0.00868373 290.006 -0.0195076 0.0170127 0.999665 0
0.487322 -0.872778 0.027848 159.783 0.873057 0.487603 0.00392643 291.67 -0.0170057 0.0223994 0.999604 0
0.485348 -0.873995 0.0238768 160.718 0.874192 0.485564 0.0038973 293.357 -0.0149999 0.0189814 0.999707 0
0.484089 -0.874753 0.0215599 161.63 0.874888 0.484296 0.00536394 295.034 -0.0151335 0.0162659 0.999753 0
0.483146 -0.875288 0.021015 162.522 0.8754 0.483359 0.00628173 296.668 -0.0156561 0.0153615 0.999759 0
0.483781 -0.874893 0.0227816 163.362 0.875095 0.483947 0.00208366 298.221 -0.012848 0.018928 0.999738 0
0.48624 -0.873565 0.0213186 164.19 0.87372 0.486416 0.0036589 299.745 -0.013566 0.0168473 0.999766 0
0.489441 -0.871792 0.020619 164.996 0.871885 0.48966 0.00702474 301.16 -0.0162204 0.0145392 0.999763 0
0.49199 -0.870301 0.0228557 165.772 0.870418 0.492255 0.00754902 302.538 -0.0178207 0.0161799 0.99971 0
0.494919 -0.868635 0.0230015 166.503 0.868686 0.49524 0.0110408 303.819 -0.0209817 0.0145167 0.999675 0
0.498662 -0.866321 0.0287153 167.494 0.866671 0.49888 0.000485483 305.575 -0.0147461 0.0246446 0.999588 0
0.500836 -0.865301 0.0204354 168.409 0.865429 0.501012 0.00430685 307.182 -0.0139651 0.0155284 0.999782 0
0.495845 -0.867987 0.0271356 169.219 0.868227 0.496141 0.00508561 308.589 -0.0178773 0.0210382 0.999619 0
0.461247 -0.8871 0.0174691 170.151 0.887216 0.461349 0.00212096 310.261 -0.00994087 0.0145206 0.999845 0
0.380308 -0.924738 0.0149916 170.703 0.924807 0.38041 0.0045004 311.885 -0.00986464 0.0121528 0.999878 0
0.229542 -0.973193 0.0143236 171.117 0.973178 0.22972 0.0123818 313.609 -0.0153403 0.0110973 0.999821 0
-0.0253747 -0.999667 0.00476535 171.204 0.999327 -0.0252392 0.0266133 315.772 -0.0264841 0.00543744 0.999635 0
-0.267135 -0.963613 0.00946128 170.757 0.962998 -0.266576 0.0396406 317.517 -0.035676 0.0197006 0.999169 0
-0.4542 -0.890616 0.0224946 170.089 0.890393 -0.452946 0.0451712 318.9 -0.0300413 0.0405458 0.998726 0
-0.629944 -0.776179 0.0267658 169.135 0.776568 -0.629041 0.0353583 320.116 -0.0106076 0.0430592 0.999016 0
-0.771343 -0.636113 0.0197551 167.927 0.636246 -0.770039 0.0472297 321.205 -0.0148312 0.0489995 0.998689 0
-0.854493 -0.519449 -0.00383771 166.46 0.519196 -0.854266 0.0257854 321.94 -0.0166726 0.0200409 0.99966 0
-0.887786 -0.459997 -0.0154561 164.831 0.459558 -0.887788 0.0252906 322.686 -0.0253553 0.0153497 0.999561 0
-0.895514 -0.445034 -0.000196625 163.176 0.445018 -0.895483 0.00829105 323.446 -0.00386588 0.00733724 0.999966 0
-0.893815 -0.448434 -0.00113404 161.354 0.448398 -0.893771 0.0106171 324.328 -0.00577466 0.00898124 0.999943 0
-0.890781 -0.454387 -0.00637182 159.462 0.454343 -0.890797 0.00732024 325.299 -0.00900222 0.00362574 0.999953 0
-0.884656 -0.466172 -0.00815797 157.512 0.466176 -0.88469 0.00150093 326.276 -0.00791697 -0.00247524 0.999966 0
-0.880233 -0.47425 -0.0166536 156.106 0.474317 -0.880354 -7.79182e-05 326.993 -0.0146241 -0.00796769 0.999861 0
-0.876591 -0.481089 -0.0118487 154.64 0.481044 -0.876671 0.00660809 327.77 -0.0135665 9.2865e-05 0.999908 0
-0.873407 -0.486877 -0.0105071 153.177 0.486799 -0.873466 0.00916651 328.582 -0.0136406 0.00289123 0.999903 0
-0.870524 -0.491732 -0.019683 151.666 0.49161 -0.870746 0.0109846 329.382 -0.0225404 -0.000113963 0.999746 0
-0.86677 -0.498032 -0.025957 150.035 0.497831 -0.867159 0.014141 330.388 -0.0295515 -0.00066522 0.999563 0
-0.864917 -0.501706 -0.014482 148.492 0.501359 -0.864957 0.0221158 331.232 -0.023622 0.0118677 0.999651 0
-0.863826 -0.503638 -0.0123889 146.901 0.503385 -0.863856 0.0188644 332.156 -0.0202031 0.0100592 0.999745 0
-0.864515 -0.502328 -0.0167341 145.344 0.502109 -0.864662 0.0156983 333.101 -0.022355 0.00516913 0.999737 0
-0.865513 -0.500389 -0.0223196 143.741 0.500277 -0.865799 0.0107574 333.954 -0.0247072 -0.00185535 0.999693 0
-0.866795 -0.498186 -0.0218267 142.088 0.498002 -0.86707 0.0135804 334.883 -0.0256908 0.000901757 0.99967 0
-0.867819 -0.496505 -0.019307 140.521 0.49627 -0.868024 0.0158259 335.794 -0.0246166 0.00415254 0.999688 0
-0.870131 -0.492392 -0.0205587 138.883 0.492296 -0.870372 0.00981111 336.703 -0.0227246 -0.00158402 0.999741 0
-0.873709 -0.485494 -0.0304708 137.301 0.485594 -0.874173 0.00449707 337.63 -0.02882 -0.0108673 0.999526 0
-0.877706 -0.478374 -0.0281075 135.625 0.478288 -0.878144 0.0101412 338.438 -0.0295337 -0.00454244 0.999553 0
-0.879207 -0.475972 -0.0211349 134.044 0.475896 -0.879457 0.00882798 339.319 -0.0227891 -0.00229638 0.999738 0
-0.881177 -0.47215 -0.0245129 132.489 0.47222 -0.881475 0.00324017 340.093 -0.0231373 -0.00872031 0.999694 0
-0.880828 -0.472885 -0.0228547 130.874 0.472793 -0.881121 0.00961516 340.965 -0.0246846 -0.00233622 0.999693 0
-0.879074 -0.47616 -0.0223733 129.334 0.476184 -0.879334 0.00457474 341.773 -0.0218519 -0.00663228 0.999739 0
-0.875116 -0.483147 -0.0272323 127.713 0.483314 -0.875447 0.000516852 342.645 -0.0240902 -0.0127094 0.999629 0
-0.87022 -0.491754 -0.0299165 126.134 0.49194 -0.870628 0.00130252 343.521 -0.0266867 -0.0135836 0.999552 0
-0.86515 -0.500617 -0.0299837 124.605 0.500782 -0.865571 0.00225489 344.396 -0.0270819 -0.0130645 0.999548 0
-0.859819 -0.509913 -0.0264406 123.102 0.510051 -0.860142 0.00174094 345.287 -0.0236304 -0.0119891 0.999649 0
-0.854715 -0.51843 -0.026329 121.586 0.518665 -0.854974 -0.00253051 346.218 -0.0211987 -0.0158188 0.99965 0
-0.849356 -0.527114 -0.0272992 120.119 0.527359 -0.84964 -0.00214333 347.062 -0.0220648 -0.0162169 0.999625 0
-0.844677 -0.534389 -0.0308016 118.608 0.53468 -0.845053 -0.00146778 347.993 -0.0252447 -0.0177088 0.999524 0
-0.840925 -0.540391 -0.0286891 117.182 0.540465 -0.841347 0.00574167 348.93 -0.0272403 -0.0106772 0.999572 0
-0.838342 -0.544516 -0.0261704 115.803 0.544543 -0.838706 0.00668531 349.868 -0.0255895 -0.00864631 0.999635 0
-0.838053 -0.545001 -0.0253271 114.469 0.544976 -0.838409 0.0084675 350.693 -0.0258492 -0.00670644 0.999643 0
-0.838286 -0.544886 -0.0193922 113.237 0.544746 -0.83851 0.0123527 351.496 -0.0229914 -0.000208693 0.999736 0
-0.843278 -0.537169 -0.0182101 111.52 0.536912 -0.843461 0.0172994 352.652 -0.0246522 0.00481102 0.999685 0
-0.852741 -0.522065 -0.0167598 110.01 0.521732 -0.85286 0.0206307 353.574 -0.0250643 0.00884852 0.999647 0
-0.86368 -0.503777 -0.0163015 108.437 0.503447 -0.86378 0.0205966 354.511 -0.024457 0.00958192 0.999655 0
-0.874508 -0.484897 -0.0105409 106.866 0.484682 -0.874509 0.0178074 355.365 -0.0178529 0.0104637 0.999786 0
-0.883514 -0.468382 -0.00459857 105.312 0.468296 -0.883478 0.0128913 356.161 -0.0101008 0.00923618 0.999906 0
-0.890249 -0.455461 -0.00355636 103.75 0.455407 -0.890224 0.0102604 356.984 -0.00783916 0.00751471 0.999941 0
-0.895831 -0.444389 -0.00216157 102.077 0.444364 -0.895816 0.00731584 357.738 -0.00518745 0.00559324 0.999971 0
-0.897852 -0.440291 -0.00224984 100.314 0.440279 -0.897849 0.00459281 358.559 -0.0040422 0.00313311 0.999987 0
-0.897889 -0.440049 -0.0123306 98.4991 0.440023 -0.897973 0.00484204 359.421 -0.0132033 -0.00107814 0.999912 0
-0.89493 -0.444698 -0.0366678 96.5636 0.444571 -0.895663 0.0120008 360.345 -0.0381787 -0.00556159 0.999255 0
-0.892204 -0.451251 -0.0185688 95.2308 0.451318 -0.892363 0.000656152 360.999 -0.0168662 -0.00779499 0.999827 0
-0.888526 -0.458258 -0.0228032 93.852 0.458412 -0.888738 -0.00171294 361.692 -0.0194811 -0.0119752 0.999739 0
-0.88404 -0.46524 -0.0450086 92.3677 0.465239 -0.885115 0.011149 362.449 -0.0450247 -0.0110835 0.998924 0
-0.881529 -0.471666 -0.0209362 90.9185 0.471758 -0.881728 0.000579921 363.215 -0.0187335 -0.0093656 0.999781 0
-0.877566 -0.479071 -0.0192177 89.3981 0.47932 -0.877566 -0.0113825 364.019 -0.0114118 -0.0192004 0.999751 0
-0.871399 -0.489381 -0.0342043 87.7743 0.490006 -0.871627 -0.0126525 364.869 -0.0236215 -0.0277857 0.999335 0
-0.864273 -0.502824 -0.0141496 86.2273 0.503001 -0.864159 -0.0148141 365.801 -0.00477866 -0.0199207 0.99979 0
-0.856785 -0.515563 -0.010667 84.5698 0.515671 -0.856662 -0.0145979 366.752 -0.00161188 -0.0180079 0.999837 0
-0.85006 -0.52611 -0.0246174 82.9322 0.526278 -0.850312 -0.000426299 367.777 -0.0207082 -0.013318 0.999697 0
-0.844865 -0.534697 -0.0174015 81.2596 0.534676 -0.845034 0.00620415 368.863 -0.0180222 -0.00406247 0.999829 0
-0.843554 -0.536741 -0.0180591 79.5882 0.536806 -0.843704 0.00146753 369.909 -0.0160242 -0.00845628 0.999836 0
-0.843526 -0.536807 -0.0174103 77.8681 0.536805 -0.843691 0.00513836 370.999 -0.0174472 -0.00501159 0.999835 0
-0.845607 -0.53318 -0.0258456 76.1707 0.533203 -0.845962 0.00657623 372.126 -0.0253707 -0.00822005 0.999644 0
-0.849835 -0.526871 -0.0136785 74.4946 0.526774 -0.849944 0.0101954 373.121 -0.0169976 0.0014589 0.999854 0
-0.853804 -0.520493 -0.0102463 72.749 0.520482 -0.853863 0.00396243 374.155 -0.0108113 -0.00194985 0.99994 0
-0.85644 -0.516021 -0.0152697 71.0419 0.515854 -0.856567 0.013692 375.221 -0.0201449 0.00384938 0.99979 0
-0.858591 -0.512491 -0.013187 69.335 0.512321 -0.858674 0.0143404 376.263 -0.0186727 0.00555659 0.99981 0
-0.861179 -0.508157 -0.0121832 67.6936 0.508107 -0.861265 0.00707708 377.202 -0.0140892 -9.57386e-05 0.999901 0
-0.862768 -0.50552 -0.0090111 65.9939 0.50541 -0.862795 0.0120481 378.206 -0.0138653 0.00584045 0.999887 0
-0.866272 -0.499365 -0.0143938 64.2854 0.498941 -0.866266 0.0253102 379.129 -0.0251079 0.0147439 0.999576 0
-0.868813 -0.494919 -0.0148287 62.604 0.494418 -0.868773 0.0280112 380.146 -0.026746 0.0170049 0.999498 0
-0.87213 -0.489251 -0.00477037 60.9364 0.489054 -0.871989 0.0215014 381.062 -0.0146793 0.0164191 0.999757 0
-0.873611 -0.486512 -0.0105134 59.1908 0.486291 -0.873608 0.0181921 382.016 -0.0180353 0.0107802 0.999779 0
-0.875838 -0.482336 -0.0161075 57.5387 0.481923 -0.875887 0.0239014 382.927 -0.0256369 0.0131712 0.999584 0
-0.875795 -0.482358 -0.0177191 55.9101 0.481798 -0.875822 0.0283783 383.84 -0.0292073 0.0163165 0.99944 0
-0.875355 -0.483148 -0.0179435 54.2501 0.482816 -0.875494 0.0199808 384.728 -0.0253631 0.00882688 0.999639 0
-0.87383 -0.485986 -0.0154402 52.6357 0.485739 -0.873934 0.0172326 385.625 -0.0218685 0.00755845 0.999732 0
-0.87281 -0.487886 -0.0130399 50.9898 0.487735 -0.872892 0.0132095 386.513 -0.0178271 0.00516938 0.999828 0
-0.871387 -0.490131 -0.0213593 49.412 0.489828 -0.871633 0.0180082 387.391 -0.0274438 0.00522973 0.99961 0
-0.870849 -0.491062 -0.0219192 47.7964 0.490562 -0.87106 0.0245868 388.263 -0.0311666 0.0106587 0.999457 0
-0.870181 -0.492437 -0.0170706 46.3017 0.491958 -0.870233 0.0259164 389.089 -0.0276176 0.014154 0.999518 0
-0.868603 -0.494898 -0.0246075 44.8433 0.49444 -0.86892 0.0225329 389.905 -0.0325334 0.00740519 0.999443 0
-0.8679 -0.49633 -0.0201606 43.357 0.495791 -0.868036 0.0265633 390.762 -0.0306843 0.0130588 0.999444 0
-0.867966 -0.496557 -0.00814498 42.0108 0.496244 -0.867827 0.0248598 391.508 -0.0194127 0.0175355 0.999658 0
-0.868589 -0.495199 -0.0182297 40.1904 0.494325 -0.868451 0.0379058 392.607 -0.0346025 0.0239132 0.999115 0
-0.873361 -0.48706 -0.00375875 38.4409 0.486846 -0.873162 0.0238592 393.568 -0.0149029 0.0190078 0.999708 0
-0.878828 -0.476846 -0.0167481 36.803 0.476592 -0.878959 0.0170546 394.411 -0.0228533 0.00700606 0.999714 0
-0.891414 -0.452944 -0.014942 35.3296 0.452603 -0.891453 0.021494 395.194 -0.0230557 0.0123972 0.999657 0
-0.916341 -0.40033 -0.00739695 33.8333 0.400037 -0.916143 0.0255538 395.817 -0.0170066 0.0204569 0.999646 0
-0.964118 -0.265321 -0.0090414 31.9352 0.265036 -0.963923 0.0246714 396.361 -0.0152611 0.0213898 0.999655 0
-0.998711 -0.0498355 -0.00958488 29.8994 0.0495174 -0.998293 0.030974 396.498 -0.0111121 0.0304595 0.999474 0
-0.978417 0.20611 -0.0147937 27.973 -0.206412 -0.978193 0.0230661 396.038 -0.00971695 0.0256219 0.999624 0
-0.913911 0.405551 -0.0171649 26.4801 -0.405824 -0.913782 0.0175561 395.394 -0.00856513 0.0230106 0.999699 0
-0.80944 0.586888 -0.0192362 25.0836 -0.587156 -0.809356 0.0138335 394.482 -0.00745024 0.022492 0.999719 0
-0.69223 0.721375 -0.0208869 23.8394 -0.721656 -0.692143 0.0122819 393.267 -0.00559688 0.023575 0.999706 0
