0.477284 -0.878556 0.0184031 0.681433 0.878745 0.477243 -0.00686302 0.552625 -0.00275319 0.0194472 0.999807 0
0.474329 -0.880248 0.0132121 1.48817 0.880347 0.474292 -0.00604466 2.13027 -0.00094558 0.0144984 0.999894 0
0.471519 -0.881732 0.0147828 2.31601 0.881847 0.471523 -0.00340713 3.73613 -0.00396623 0.0146427 0.999885 0
0.468958 -0.883093 0.0150211 3.15176 0.883212 0.468959 -0.0036732 5.36072 -0.0038005 0.0149894 0.99988 0
0.467262 -0.883958 0.016851 3.99817 0.88411 0.467258 -0.00440531 7.00087 -0.00397967 0.0169566 0.999848 0
0.467689 -0.8837 0.0184801 4.85329 0.883817 0.467821 0.00335548 8.66762 -0.0116106 0.0147637 0.999824 0
0.470097 -0.882356 0.021373 5.72365 0.882479 0.470312 0.00615442 10.3446 -0.0154824 0.015968 0.999753 0
0.472197 -0.881337 0.0166164 6.60077 0.881456 0.472266 0.000316469 12.0321 -0.0081263 0.0144972 0.999862 0
0.474016 -0.880337 0.0177972 7.49687 0.8805 0.474035 -0.00340212 13.7395 -0.00544148 0.0172831 0.999836 0
0.472828 -0.880752 0.026643 8.40868 0.881039 0.47304 0.00194494 15.4713 -0.0143162 0.0225539 0.999643 0
0.470705 -0.881635 0.0340171 9.3295 0.882231 0.470771 -0.00652687 17.2013 -0.01026 0.0330832 0.9994 0
0.467851 -0.883298 0.0300035 10.2455 0.883797 0.467738 -0.0111058 18.9736 -0.004224 0.0317128 0.999488 0
0.465798 -0.884386 0.0298722 11.2023 0.884841 0.465865 -0.00510241 20.848 -0.0094039 0.0288088 0.999541 0
0.463646 -0.885495 0.0305236 12.1475 0.885931 0.463814 -0.00173826 22.7016 -0.0126181 0.0278478 0.999533 0
0.462932 -0.885929 0.0286987 13.075 0.886209 0.463255 0.00543462 24.5447 -0.0181095 0.0229172 0.999573 0
0.46288 -0.885992 0.0275842 13.9915 0.886261 0.463164 0.00460866 26.3643 -0.0168592 0.0223135 0.999609 0
0.462366 -0.886363 0.0240424 14.895 0.886582 0.462561 0.00300532 28.1603 -0.0137849 0.019926 0.999706 0
0.460352 -0.88733 0.0268639 15.7991 0.887589 0.460616 0.00431695 29.9437 -0.0162045 0.0218567 0.99963 0
0.459651 -0.887864 0.0204658 16.6754 0.888053 0.45974 -0.000399461 31.7073 -0.00905427 0.0183583 0.99979 0
0.458886 -0.888239 0.0213241 17.5603 0.888427 0.459015 0.00132014 33.4645 -0.0109607 0.0183392 0.999772 0
0.458249 -0.888417 0.0268981 18.4404 0.888697 0.458485 0.00300996 35.206 -0.0150065 0.022525 0.999634 0
0.457725 -0.888543 0.0313008 19.3176 0.889006 0.45789 -0.00209638 36.9256 -0.0124696 0.0287862 0.999508 0
0.455556 -0.889412 0.0376093 20.1889 0.890038 0.455886 0.000222033 38.6422 -0.017343 0.0333726 0.999292 0
0.454281 -0.889879 0.0417669 21.0411 0.890507 0.45492 0.00677397 40.3605 -0.0250286 0.0341164 0.999104 0
0.45201 -0.891361 0.0341054 21.8769 0.891895 0.452241 -0.00105802 42.0336 -0.0144808 0.0308967 0.999418 0
0.450045 -0.892618 0.0263001 22.6904 0.892959 0.450128 -0.00301713 43.6745 -0.00914528 0.0248428 0.99965 0
0.447878 -0.893798 0.0230344 23.4796 0.893989 0.448072 0.00382902 45.2797 -0.0137435 0.0188776 0.999727 0
0.445318 -0.895111 0.0216298 24.2417 0.89527 0.445503 0.00440796 46.8329 -0.0135817 0.0174016 0.999756 0
0.442482 -0.896522 0.0213889 24.9778 0.89665 0.442695 0.00631708 48.3407 -0.0151322 0.0163832 0.999751 0
0.439833 -0.897828 0.0212625 25.6883 0.897899 0.440096 0.009632 49.8047 -0.0180054 0.0148552 0.999728 0
0.436914 -0.899266 0.020642 26.3741 0.89917 0.437262 0.0171682 51.2261 -0.0244647 0.0110597 0.99964 0
0.43336 -0.901165 0.0100176 27.3205 0.901184 0.433416 0.00419068 53.2187 -0.0081183 0.00721165 0.999941 0
0.431014 -0.902307 0.00832683 28.1876 0.902265 0.43108 0.0093422 55.0645 -0.0120191 0.0034864 0.999922 0
0.430764 -0.902334 0.0153412 28.9964 0.902464 0.430681 -0.00849074 56.7245 0.00105433 0.0175024 0.999846 0
0.440705 -0.897562 0.0127338 29.7352 0.89764 0.440727 -0.00119749 58.2723 -0.0045373 0.0119581 0.999918 0
0.461278 -0.88698 0.0221267 30.4729 0.88716 0.461451 0.00315721 59.6811 -0.0130108 0.0181736 0.99975 0
0.508188 -0.861129 0.0141989 31.1777 0.861115 0.508329 0.00909049 60.9658 -0.0150458 0.0076072 0.999858 0
0.609773 -0.792268 0.0221172 32.2384 0.792239 0.61009 0.0121427 62.4275 -0.0231138 0.0101178 0.999682 0
0.747152 -0.664378 0.0191339 33.4569 0.664251 0.747392 0.0132648 63.6 -0.0231134 0.00279893 0.999729 0
0.886216 -0.462951 0.017243 34.8315 0.462865 0.886384 0.00890949 64.3609 -0.0194086 8.54526e-05 0.999812 0
0.985751 -0.166518 0.0237963 36.687 0.166369 0.98603 0.00810082 64.7382 -0.0248128 -0.00402643 0.999684 0
0.989938 0.139744 0.0222328 38.9333 -0.139551 0.990164 -0.0100372 64.4777 -0.0234167 0.00683357 0.999702 0
0.955514 0.294455 0.0169702 40.8137 -0.294583 0.95561 0.00549768 63.9366 -0.0145981 -0.0102522 0.999841 0
0.928186 0.372088 -0.00458592 42.3897 -0.372094 0.928195 -0.000557146 63.2654 0.00404932 0.00222353 0.999989 0
0.90594 0.423367 0.00577645 44.127 -0.423326 0.905949 -0.00711225 62.4214 -0.00824427 0.00399795 0.999958 0
0.894941 0.446182 0.00121058 45.529 -0.446134 0.894878 -0.0125573 61.6684 -0.00668617 0.010698 0.99992 0
0.887265 0.461253 -0.00249977 47.0653 -0.461235 0.88715 -0.0150448 60.8283 -0.00472177 0.0145017 0.999884 0
0.882472 0.470351 -0.0035266 48.7281 -0.470327 0.882283 -0.0192181 59.879 -0.00592781 0.0186181 0.999809 0
0.882598 0.470059 -0.00803764 50.5154 -0.470084 0.882156 -0.0286666 58.8401 -0.00638456 0.0290795 0.999557 0
0.885769 0.464022 -0.00985964 51.79 -0.464089 0.885224 -0.0316099 58.1201 -0.00593969 0.0325748 0.999452 0
0.889304 0.457249 -0.0078632 53.1351 -0.457232 0.888677 -0.0345282 57.3896 -0.00880015 0.0343014 0.999373 0
0.892964 0.450118 -0.00308567 54.5401 -0.449967 0.89244 -0.0328716 56.6549 -0.0120423 0.0307416 0.999455 0
0.896258 0.443509 -0.00452746 55.9749 -0.44346 0.895881 -0.0272158 55.9229 -0.00801441 0.0264002 0.999619 0
0.896741 0.44247 -0.00868852 57.4293 -0.442555 0.896597 -0.016114 55.1922 0.000660127 0.0182952 0.999832 0
0.896735 0.44255 -0.00391315 58.8951 -0.442563 0.896651 -0.0124756 54.4512 -0.00201234 0.0129191 0.999915 0
0.896743 0.442549 -0.00169503 60.3546 -0.442536 0.896669 -0.012117 53.7032 -0.0038425 0.011616 0.999925 0
0.896632 0.442777 -0.000283848 61.809 -0.442764 0.896602 -0.00809987 52.9587 -0.00333193 0.00738828 0.999967 0
0.894887 0.446291 0.0015705 63.2596 -0.446287 0.894887 -0.00238076 52.2195 -0.00246793 0.00142961 0.999996 0
0.890962 0.454016 0.00744037 64.7055 -0.454031 0.890986 0.000273789 51.4702 -0.00650496 -0.00362209 0.999972 0
0.884616 0.466183 0.0113023 66.1344 -0.466229 0.884662 0.00172546 50.6997 -0.00919434 -0.00679583 0.999935 0
0.875687 0.482772 0.0101297 67.5321 -0.482821 0.875714 0.0029231 49.9069 -0.00745955 -0.00745057 0.999944 0
0.8653 0.501103 0.0123362 68.9017 -0.501161 0.865352 0.00196827 49.0929 -0.00968888 -0.00788559 0.999922 0
0.853883 0.520312 0.0126059 70.2415 -0.52036 0.853947 0.000536795 48.2519 -0.0104855 -0.00701795 0.99992 0
0.842287 0.538906 0.0115776 71.5451 -0.538959 0.84233 0.00186268 47.3964 -0.00874834 -0.00780875 0.999931 0
0.831328 0.555699 0.00961705 72.8082 -0.555737 0.831356 0.00175505 46.5269 -0.00701991 -0.00680358 0.999952 0
0.820487 0.571596 0.00884968 74.0297 -0.571627 0.820512 0.00125124 45.6484 -0.00654607 -0.00608535 0.99996 0
0.811016 0.584957 0.00883114 75.2104 -0.584966 0.811056 -0.00187593 44.7631 -0.00825989 -0.0036445 0.999959 0
0.805348 0.59274 0.00859273 76.3534 -0.592679 0.805392 -0.00871525 43.881 -0.0120864 0.00192609 0.999925 0
0.802451 0.596648 0.0090667 77.4599 -0.596544 0.802492 -0.0118776 43.0242 -0.0143627 0.00412247 0.999888 0
0.803792 0.594883 0.00574245 79.0284 -0.594787 0.803784 -0.0126595 41.8086 -0.0121466 0.0067601 0.999903 0
0.817272 0.576232 0.00489457 80.4914 -0.576163 0.817265 -0.0106769 40.7287 -0.0101526 0.00590589 0.999931 0
0.845233 0.534392 0.00236268 81.8654 -0.534368 0.845225 -0.00666431 39.8223 -0.00555835 0.00437036 0.999975 0
0.887029 0.461714 -0.000495812 83.2482 -0.461715 0.887028 -0.00108784 39.0643 -6.24729e-05 0.00119387 0.999999 0
0.937074 0.349002 0.00952013 84.6832 -0.348992 0.937122 -0.00276528 38.4803 -0.00988661 -0.000731177 0.999951 0
0.990183 0.139008 0.0146313 86.6349 -0.139004 0.990291 -0.00132917 38.078 -0.014674 -0.000717682 0.999892 0
0.991856 -0.127315 -0.00353001 88.5074 0.127305 0.991859 -0.00292385 38.1947 0.00387352 0.00245065 0.99999 0
0.921687 -0.3879 0.0052686 90.2573 0.387923 0.921681 -0.00446139 38.8197 -0.00312539 0.00615581 0.999976 0
0.806082 -0.591504 0.0188457 91.8059 0.591439 0.806295 0.00942448 39.9001 -0.0207698 0.0035492 0.999778 0
0.733915 -0.679172 0.00974195 92.8541 0.678953 0.733946 0.0185945 40.9114 -0.0197789 -0.00703245 0.99978 0
0.689197 -0.724519 0.00892816 94.2479 0.724325 0.689231 0.0177148 42.3615 -0.0189883 -0.00574207 0.999803 0
0.681774 -0.731536 -0.00625766 95.3305 0.731467 0.681522 0.0219774 43.5484 -0.0118125 -0.0195609 0.999739 0
0.689542 -0.724148 -0.0119116 96.5074 0.724239 0.689512 0.00712988 44.7698 0.00305009 -0.0135432 0.999904 0
0.700382 -0.71368 -0.0112102 97.775 0.713744 0.700141 0.0192934 46.0889 -0.0059206 -0.021514 0.999751 0
0.70786 -0.706343 0.00373056 99.1531 0.706123 0.707754 0.0217751 47.4461 -0.018021 -0.0127795 0.999756 0
0.707778 -0.70643 -0.00272881 100.582 0.706434 0.707762 0.00486143 48.8516 -0.00150291 -0.00536854 0.999984 0
0.704315 -0.709869 -0.00505805 101.574 0.709887 0.70429 0.00596045 49.8493 -0.000668811 -0.00778868 0.999969 0
0.701173 -0.71297 0.00553636 102.61 0.712838 0.701162 0.0152713 50.8917 -0.0147699 -0.00676132 0.999868 0
0.698437 -0.715663 -0.00355265 103.644 0.715603 0.698292 0.017337 51.9688 -0.00992669 -0.0146511 0.999843 0
0.692861 -0.721018 -0.00872216 104.711 0.72107 0.692791 0.00991408 53.0702 -0.0011056 -0.0131584 0.999913 0
0.687464 -0.726214 -0.00261907 105.813 0.726208 0.68743 0.0079381 54.213 -0.00396433 -0.00735914 0.999965 0
0.684879 -0.728648 0.00373273 106.944 0.728595 0.684878 0.00951302 55.4032 -0.00948811 -0.00379561 0.999948 0
0.683894 -0.72953 0.00862039 108.094 0.72948 0.683948 0.00856963 56.6168 -0.0121477 0.000427686 0.999926 0
0.684698 -0.728824 -0.00182606 109.237 0.72879 0.684637 0.0116759 57.8535 -0.00725946 -0.00932525 0.99993 0
0.687103 -0.726438 -0.0133172 110.392 0.726532 0.6868 0.0213873 59.1089 -0.00639032 -0.0243706 0.999683 0
0.691292 -0.722424 -0.0147982 111.575 0.722524 0.690855 0.0260375 60.3623 -0.0085867 -0.0286916 0.999551 0
0.693529 -0.72035 -0.0106609 112.784 0.720402 0.693297 0.0189984 61.619 -0.00629433 -0.0208561 0.999763 0
0.694905 -0.719087 -0.00456677 114.001 0.719075 0.694812 0.0129308 62.8719 -0.00612531 -0.0122695 0.999906 0
0.696309 -0.717729 -0.00431309 115.205 0.717623 0.696072 0.0223875 64.1409 -0.0130659 -0.0186838 0.99974 0
0.697919 -0.716149 -0.00639375 116.404 0.716053 0.697604 0.0248192 65.3731 -0.013314 -0.0219001 0.999672 0
0.69799 -0.715968 -0.0141238 117.601 0.71602 0.698077 -0.00181559 66.5452 0.0111594 -0.00884568 0.999899 0
0.696416 -0.717614 0.0058805 118.818 0.717457 0.696401 0.016788 67.7675 -0.0161425 -0.00747242 0.999842 0
0.694823 -0.719057 0.0133444 120.012 0.718586 0.694884 0.0277578 68.9744 -0.0292322 -0.00969763 0.999526 0
0.693442 -0.720485 -0.00626794 121.17 0.720499 0.69335 0.0121499 70.1406 -0.00440793 -0.0129413 0.999907 0
0.690135 -0.723677 -0.00226695 122.337 0.723654 0.690079 0.0107228 71.3252 -0.00619546 -0.00904065 0.99994 0
0.68406 -0.729413 -0.0043834 123.471 0.729423 0.684026 0.00715087 72.5107 -0.00221758 -0.00808898 0.999965 0
0.68005 -0.733051 -0.0129808 124.581 0.733165 0.679909 0.0139196 73.7115 -0.00137798 -0.0189831 0.999819 0
0.677612 -0.735358 -0.00947762 125.702 0.735371 0.677363 0.020222 74.9098 -0.00845059 -0.0206722 0.999751 0
0.674779 -0.737967 -0.0087657 126.811 0.737999 0.674625 0.0154428 76.0973 -0.0054827 -0.0168895 0.999842 0
0.66664 -0.745359 -0.00556148 127.904 0.74538 0.666615 0.00574431 77.2834 -0.000574209 -0.0079748 0.999968 0
0.656858 -0.754005 0.00365328 128.983 0.75389 0.65683 0.0149625 78.5133 -0.0136814 -0.00707409 0.999881 0
0.650338 -0.759597 0.00849391 130.031 0.759184 0.650292 0.027575 79.7613 -0.0264695 -0.0114847 0.999584 0
0.641802 -0.766867 -0.00232575 131.052 0.766783 0.64168 0.0170475 80.9925 -0.0115808 -0.0127245 0.999852 0
0.631631 -0.775265 -0.00238205 132.08 0.775252 0.631594 0.00853822 82.2442 -0.00511489 -0.0072397 0.999961 0
0.619425 -0.784982 -0.0107686 133.084 0.785014 0.619193 0.0187637 83.5418 -0.00806135 -0.0200762 0.999766 0
0.604769 -0.796231 -0.0164353 134.078 0.796401 0.604651 0.0119505 84.8302 0.000422266 -0.0203164 0.999794 0
0.591972 -0.805822 -0.0148115 135.054 0.80592 0.591666 0.0205886 86.163 -0.00782725 -0.0241247 0.999678 0
0.579275 -0.815044 -0.0119648 136.005 0.814943 0.578763 0.0300314 87.5193 -0.0175522 -0.0271471 0.999477 0
0.570413 -0.82128 -0.0113484 136.942 0.82116 0.569917 0.029825 88.8745 -0.018027 -0.0263314 0.999491 0
0.5638 -0.82548 -0.026702 137.844 0.825887 0.563242 0.025871 90.2382 -0.00631631 -0.0366389 0.999309 0
0.55894 -0.828737 -0.027945 138.753 0.829165 0.558246 0.0291214 91.6218 -0.00853377 -0.0394481 0.999185 0
0.554379 -0.831986 -0.021538 139.666 0.831852 0.553104 0.0457986 93.0292 -0.026191 -0.0433062 0.998719 0
0.546113 -0.837544 -0.0167311 140.569 0.837561 0.545528 0.0298439 94.3972 -0.0158683 -0.0303114 0.999415 0
0.534517 -0.844957 -0.0184232 141.448 0.845099 0.534094 0.0234955 95.787 -0.010013 -0.0281281 0.999554 0
0.521929 -0.852946 -0.00859364 142.326 0.85276 0.521529 0.028426 97.209 -0.019764 -0.0221647 0.999559 0
0.51174 -0.859131 0.00403089 143.201 0.858834 0.511677 0.0243098 98.6468 -0.0229478 -0.00897842 0.999696 0
0.500526 -0.865702 0.00573945 144.046 0.86569 0.500554 0.0052588 100.081 -0.00742546 0.00233641 0.99997 0
0.488948 -0.872196 0.0143234 144.887 0.872282 0.489004 0.000489937 101.539 -0.00743152 0.0122545 0.999897 0
0.479777 -0.877323 0.0109338 145.688 0.876904 0.479888 0.0273332 103.059 -0.0292271 -0.00352594 0.999567 0
0.474836 -0.880064 0.00415049 146.474 0.879907 0.474833 0.0172775 104.546 -0.0171761 -0.00455196 0.999842 0
0.470778 -0.882171 -0.0119553 147.246 0.882244 0.470676 0.0104341 106.046 -0.00357755 -0.0154597 0.999874 0
0.46793 -0.883765 -0.000426437 148.056 0.883621 0.467845 0.0183311 107.563 -0.0160008 -0.00895446 0.999832 0
0.466708 -0.88441 0.001432 148.851 0.884161 0.466614 0.0230248 109.089 -0.0210315 -0.00947974 0.999734 0
0.46319 -0.886257 0.0016607 149.647 0.886257 0.463192 0.00141763 110.585 -0.00202561 0.000815173 0.999998 0
0.460148 -0.887785 0.0100835 150.45 0.887842 0.460131 -0.00409455 112.095 -0.00100464 0.0108366 0.999941 0
0.457335 -0.88923 0.0106718 151.225 0.889148 0.457445 0.0126955 113.626 -0.016171 0.00368274 0.999862 0
0.456528 -0.889679 0.00734032 151.996 0.889689 0.456557 0.00293701 115.115 -0.00596427 0.00518978 0.999969 0
0.45591 -0.890026 -0.000249172 152.749 0.889986 0.455887 0.0095805 116.621 -0.0084133 -0.00458961 0.999954 0
0.454811 -0.890582 -0.00324869 153.503 0.890472 0.454689 0.0178245 118.119 -0.014397 -0.0109996 0.999836 0
0.453837 -0.891061 -0.00641902 154.244 0.891002 0.453686 0.0168648 119.605 -0.0121154 -0.0133732 0.999837 0
0.451892 -0.891984 -0.0125562 154.967 0.892058 0.451758 0.0121378 121.065 -0.00515431 -0.0166858 0.999847 0
0.457095 -0.88932 -0.0131985 155.612 0.88941 0.456976 0.0111262 122.329 -0.00386334 -0.0168246 0.999851 0
0.462457 -0.886534 -0.0138086 156.256 0.886638 0.462354 0.0101044 123.59 -0.00257346 -0.0169161 0.999854 0
0.470467 -0.882294 -0.0147476 157.222 0.882417 0.470389 0.00858653 125.48 -0.000638715 -0.0170532 0.999854 0
0.478438 -0.877981 -0.0157153 158.188 0.87812 0.478387 0.00708641 127.37 0.00129627 -0.0171903 0.999851 0
0.486366 -0.873595 -0.0167111 159.154 0.873749 0.486345 0.0056049 129.26 0.00323094 -0.0173273 0.999845 0
0.494251 -0.869139 -0.0177346 160.12 0.869304 0.49426 0.00414261 131.149 0.00516499 -0.0174642 0.999834 0
0.510574 -0.859831 -0.0021278 161.1 0.8598 0.51053 0.0101454 132.838 -0.00763702 -0.00700946 0.999946 0
0.519461 -0.854491 0.00233295 162.09 0.854422 0.51945 0.0116316 134.472 -0.0111509 -0.00404883 0.99993 0
0.518613 -0.854998 0.00433464 163.091 0.854816 0.518597 0.0186499 136.148 -0.0181935 -0.00596675 0.999817 0
0.516281 -0.856244 -0.0173141 164.063 0.856413 0.516246 0.00678907 137.842 0.00312524 -0.0183331 0.999827 0
0.506422 -0.862178 -0.0136498 165.073 0.862247 0.506185 0.0175089 139.593 -0.00818642 -0.0206364 0.999754 0
0.496238 -0.868134 0.00951218 166.106 0.867614 0.496279 0.0308759 141.387 -0.0315251 -0.00706888 0.999478 0
0.490949 -0.871188 -0.000545357 166.765 0.871014 0.490839 0.0202816 142.536 -0.0174014 -0.0104322 0.999794 0
0.486253 -0.873564 0.0210857 167.831 0.873581 0.486541 0.011568 144.254 -0.0203644 0.0127951 0.999711 0
0.483889 -0.874723 0.0266644 168.526 0.874872 0.484261 0.00952116 145.427 -0.0212409 0.0187208 0.999599 0
0.481185 -0.87575 0.0390235 169.569 0.876471 0.481444 -0.00306933 147.187 -0.0160997 0.0356799 0.999234 0
0.479507 -0.876413 0.0444146 170.251 0.877215 0.48009 0.00283612 148.382 -0.0238086 0.0376012 0.999009 0
0.479763 -0.876467 0.0404202 171.246 0.877379 0.479545 -0.0155643 150.139 -0.00574174 0.042931 0.999062 0
0.479841 -0.876514 0.0384026 172.206 0.877334 0.479677 -0.0139918 151.869 -0.00615684 0.0404058 0.999164 0
0.477905 -0.877096 0.0480492 173.127 0.878113 0.478453 -0.000113228 153.514 -0.02289 0.0422468 0.998845 0
0.464801 -0.883396 0.0597692 173.966 0.885121 0.465327 -0.0056455 155.014 -0.022825 0.055527 0.998196 0
0.427158 -0.902225 0.0593885 174.67 0.904115 0.426975 -0.0163654 156.415 -0.0105922 0.0606847 0.998101 0
0.328406 -0.942171 0.0668113 175.412 0.944462 0.328445 -0.0107074 158.295 -0.0118556 0.0666171 0.997708 0
0.167455 -0.984688 0.0484572 175.79 0.985849 0.166859 -0.016117 160.154 0.00778463 0.0504704 0.998695 0
-0.101457 -0.994816 -0.00689847 175.636 0.994788 -0.101378 -0.0108891 162.367 0.0101333 -0.00796729 0.999917 0
-0.322037 -0.945989 -0.0373642 175.094 0.946337 -0.322787 0.0159724 163.991 -0.0271704 -0.0302154 0.999174 0
-0.525788 -0.849933 -0.0340669 174.275 0.849978 -0.526523 0.0176527 165.4 -0.0329406 -0.0196745 0.999264 0
-0.69947 -0.714353 -0.0210036 173.12 0.714392 -0.699712 0.00695221 166.654 -0.0196628 -0.0101419 0.999755 0
-0.809264 -0.587112 -0.0197897 171.602 0.58716 -0.809461 0.00388013 167.805 -0.0182971 -0.00847967 0.999797 0
-0.852769 -0.522033 -0.0162892 170.285 0.522161 -0.852835 -0.00458799 168.606 -0.011497 -0.0124181 0.999857 0
-0.875319 -0.483244 -0.0170684 168.83 0.483478 -0.875242 -0.0141555 169.392 -0.00809845 -0.0206427 0.999754 0
-0.881336 -0.472235 -0.015521 167.245 0.47245 -0.881214 -0.0159041 170.232 -0.00616685 -0.0213497 0.999753 0
-0.881589 -0.471753 -0.0158079 165.509 0.471963 -0.881502 -0.0143022 171.154 -0.00718763 -0.0200694 0.999773 0
-0.881799 -0.471521 -0.00995681 164.268 0.471619 -0.881704 -0.0131834 171.752 -0.00256272 -0.0163209 0.999864 0
-0.881921 -0.471334 -0.00769948 162.946 0.471397 -0.881809 -0.014032 172.357 -0.000175719 -0.0160046 0.999872 0
-0.88143 -0.472251 -0.00775246 161.549 0.472314 -0.881334 -0.0130666 173.025 -0.000661786 -0.0151789 0.999885 0
-0.880554 -0.473916 -0.00541918 160.108 0.473946 -0.880515 -0.00825693 173.753 -0.000858583 -0.00983907 0.999951 0
-0.879879 -0.475156 -0.00628484 158.612 0.475188 -0.879867 -0.00540313 174.518 -0.0029625 -0.00774058 0.999966 0
-0.879418 -0.475883 -0.0126229 157.071 0.475904 -0.879496 0.00142786 175.322 -0.0117813 -0.00475162 0.999919 0
-0.879807 -0.475199 -0.0112393 155.532 0.475217 -0.879868 0.00121722 176.121 -0.0104675 -0.00427018 0.999936 0
-0.881609 -0.471959 -0.00454887 153.995 0.471957 -0.88162 0.00146887 176.923 -0.00470362 -0.000851902 0.999989 0
-0.8844 -0.466579 -0.0118786 152.441 0.466483 -0.884473 0.0100006 177.73 -0.0151724 0.00330332 0.999879 0
-0.886882 -0.461791 -0.0137287 150.898 0.46159 -0.886957 0.0155527 178.55 -0.0193588 0.00745642 0.999785 0
-0.888845 -0.458089 -0.010428 149.361 0.457964 -0.888885 0.0123506 179.383 -0.014927 0.00620208 0.999869 0
-0.890377 -0.455143 -0.00858529 147.817 0.455057 -0.890403 0.0102597 180.194 -0.012314 0.00522821 0.999911 0
-0.891162 -0.453589 -0.00930992 146.25 0.453599 -0.891205 0.00113323 180.999 -0.00881107 -0.00321308 0.999956 0
-0.891058 -0.453832 -0.00723489 144.688 0.453869 -0.891057 -0.00456026 181.802 -0.00437711 -0.00734714 0.999963 0
-0.889352 -0.457154 -0.00794224 143.147 0.457195 -0.889356 -0.00435937 182.611 -0.00507057 -0.00750816 0.999959 0
-0.887435 -0.460866 -0.00780755 141.627 0.460884 -0.887461 -0.000495717 183.434 -0.00670043 -0.00403829 0.999969 0
-0.885859 -0.46393 -0.00471351 140.13 0.46387 -0.885847 0.00998167 184.251 -0.00880625 0.0066559 0.999939 0
-0.884114 -0.467259 -0.00340302 138.64 0.467223 -0.884103 0.0080394 185.042 -0.00676511 0.00551778 0.999962 0
-0.883845 -0.467768 -0.00325776 137.171 0.467671 -0.883768 0.0153945 185.846 -0.0100801 0.0120828 0.999876 0
-0.884706 -0.466025 -0.0108126 135.703 0.465845 -0.884728 0.0156759 186.621 -0.0168716 0.00883159 0.999819 0
-0.887159 -0.461389 -0.00830252 134.256 0.461287 -0.887173 0.0117632 187.382 -0.0127932 0.00660594 0.999896 0
-0.890862 -0.454252 -0.00450388 132.817 0.454212 -0.89086 0.00774768 188.123 -0.00753172 0.0048564 0.99996 0
-0.8953 -0.445423 -0.00611132 131.372 0.445403 -0.89532 0.00433196 188.848 -0.00740114 0.0011564 0.999972 0
-0.899202 -0.437363 -0.0122059 129.93 0.437371 -0.899278 0.00215366 189.545 -0.0119185 -0.00340195 0.999923 0
-0.902243 -0.430875 -0.0174174 128.497 0.431013 -0.902332 -0.00490985 190.204 -0.0136007 -0.011937 0.999836 0
-0.903719 -0.427651 -0.0201494 127.092 0.427955 -0.903688 -0.014265 190.843 -0.0121083 -0.0215146 0.999695 0
-0.90434 -0.426128 -0.0241558 125.722 0.426598 -0.904229 -0.0195833 191.468 -0.0134974 -0.0280147 0.999516 0
-0.904075 -0.426453 -0.0280333 123.768 0.427146 -0.903787 -0.0267543 192.364 -0.0139266 -0.0361622 0.999249 0
-0.901221 -0.432174 -0.0320481 121.941 0.433043 -0.900925 -0.0284283 193.222 -0.016587 -0.0394984 0.999082 0
-0.897575 -0.439881 -0.0293785 120.248 0.440658 -0.897189 -0.029528 194.044 -0.0133693 -0.0394495 0.999132 0
-0.893024 -0.449022 -0.0297765 118.674 0.449782 -0.892718 -0.0274071 194.821 -0.0142756 -0.0378682 0.999181 0
-0.887159 -0.460515 -0.0295847 117.253 0.46125 -0.886877 -0.0264205 195.55 -0.0140709 -0.0370851 0.999213 0
-0.878667 -0.47635 -0.03217 115.582 0.477101 -0.878576 -0.0218789 196.443 -0.0178417 -0.0345726 0.999243 0
-0.868181 -0.495192 -0.0323594 114.172 0.495868 -0.868222 -0.0174928 197.249 -0.0194328 -0.0312329 0.999323 0
-0.854982 -0.517892 -0.0281614 112.797 0.518384 -0.855033 -0.0139911 198.097 -0.0168331 -0.0265605 0.999505 0
-0.844926 -0.534721 -0.0131092 111.583 0.534876 -0.844782 -0.0158648 198.911 -0.00259121 -0.0204164 0.999788 0
-0.814431 -0.580253 0.0028955 110.418 0.579958 -0.814158 -0.0282094 199.767 0.018726 -0.0212953 0.999598 0
-0.726887 -0.686748 -0.00354065 109.294 0.686691 -0.726736 -0.017633 200.794 0.00953628 -0.0152485 0.999838 0
-0.572701 -0.819708 -0.00959364 108.371 0.819738 -0.572737 0.00134831 202.052 -0.00659986 -0.0070921 0.999953 0
-0.325604 -0.945488 -0.00585087 107.711 0.945455 -0.325645 0.00840422 203.694 -0.00985139 -0.00279529 0.999948 0
-0.010375 -0.999946 -0.000384969 107.564 0.999942 -0.0103761 0.00285031 205.713 -0.00285415 -0.000355375 0.999996 0
0.213863 -0.976815 0.00973265 107.932 0.976863 0.213865 -0.000833224 207.584 -0.00126757 0.00968566 0.999952 0
0.33907 -0.940707 0.0101271 108.476 0.940757 0.339082 -0.00053378 209.117 -0.00293178 0.00970811 0.999949 0
0.415615 -0.909386 0.0167843 109.233 0.909519 0.415662 -0.000730026 210.742 -0.00631272 0.015569 0.999859 0
0.451829 -0.891877 0.0201317 110.127 0.892071 0.451894 -0.00148813 212.475 -0.00777016 0.0186313 0.999796 0
0.469327 -0.882796 0.0200949 111.126 0.88301 0.469328 -0.00497459 214.312 -0.00503955 0.0200787 0.999786 0
0.474581 -0.879934 0.0221163 112.202 0.88017 0.474654 -0.00213675 216.273 -0.0086174 0.0204802 0.999753 0
0.474788 -0.879747 0.0249332 112.963 0.880014 0.474947 0.000508494 217.656 -0.0122893 0.0217001 0.999689 0
0.471911 -0.881305 0.0245158 113.749 0.881613 0.471952 -0.00446294 219.084 -0.00763705 0.0237195 0.999689 0
0.470599 -0.882195 0.0163944 114.552 0.882344 0.470466 -0.0114425 220.559 0.0023815 0.0198504 0.9998 0
0.470532 -0.882218 0.0170827 115.385 0.882377 0.470514 -0.00529489 222.094 -0.00336638 0.0175648 0.99984 0
0.470648 -0.881915 0.0267536 116.247 0.882114 0.470978 0.00739866 223.676 -0.0191254 0.0201176 0.999615 0
0.469408 -0.882506 0.028987 117.128 0.882915 0.469523 -0.00311212 225.28 -0.0108636 0.0270539 0.999575 0
0.467529 -0.883618 0.0252047 118.023 0.883976 0.467283 -0.0152755 226.926 0.00171995 0.0294221 0.999566 0
0.466187 -0.884387 0.0230096 118.936 0.884685 0.46599 -0.013597 228.635 0.00130273 0.0266949 0.999643 0
0.465966 -0.884385 0.0271831 119.873 0.88472 0.466122 -0.000638478 230.393 -0.012106 0.0243469 0.99963 0
0.467069 -0.883702 0.0302945 120.844 0.884098 0.467301 0.000628198 232.161 -0.0147118 0.0264899 0.999541 0
0.46722 -0.883683 0.0284524 121.822 0.884119 0.467193 -0.0079988 233.944 -0.00622433 0.0288925 0.999563 0
0.46633 -0.884127 0.0292493 122.812 0.884598 0.466248 -0.00999609 235.761 -0.00479959 0.0305353 0.999522 0
0.463529 -0.885436 0.0338053 123.816 0.886012 0.463634 -0.00513625 237.608 -0.0111255 0.0323327 0.999415 0
0.460533 -0.886994 0.033937 124.814 0.887633 0.460373 -0.0128502 239.458 -0.00422562 0.0360415 0.999341 0
0.458285 -0.888292 0.0302068 125.811 0.888803 0.457944 -0.0177795 241.319 0.00196033 0.034996 0.999386 0
0.455683 -0.88963 0.0301806 126.809 0.890135 0.455551 -0.0115109 243.202 -0.00350834 0.0321101 0.999478 0
0.453183 -0.890875 0.0311115 127.803 0.891339 0.453329 -0.00257761 245.085 -0.0118074 0.0288991 0.999513 0
0.452474 -0.891307 0.0289749 128.785 0.891696 0.452634 -0.00113267 246.949 -0.0121055 0.0263493 0.999579 0
0.452978 -0.891118 0.0268205 129.757 0.891495 0.452991 -0.00594587 248.795 -0.00685097 0.0266037 0.999623 0
0.452841 -0.891236 0.0251599 130.727 0.891591 0.452696 -0.0115135 250.63 -0.00112856 0.0276461 0.999617 0
0.453648 -0.890838 0.0247417 131.687 0.891163 0.45364 -0.00622457 252.465 -0.00567875 0.0248726 0.999674 0
0.454389 -0.89051 0.0228459 132.634 0.890763 0.454464 -0.0021297 254.29 -0.00848613 0.021318 0.999737 0
0.455363 -0.89 0.0233519 133.577 0.890146 0.455622 0.00700753 256.119 -0.0168763 0.0175956 0.999703 0
0.456398 -0.889623 0.0164622 134.517 0.889682 0.45654 0.00605788 257.941 -0.0129049 0.0118813 0.999846 0
0.457365 -0.889237 0.00868895 135.457 0.889263 0.457394 0.00159577 259.756 -0.00539329 0.00699691 0.999961 0
0.458257 -0.888816 0.00249706 136.397 0.888815 0.458262 0.00197577 261.573 -0.0029004 0.00131401 0.999995 0
0.458121 -0.888884 0.00315083 137.348 0.888867 0.458132 0.00554635 263.395 -0.00637356 0.000259772 0.99998 0
0.457393 -0.889248 0.0054202 138.323 0.889219 0.457422 0.00734647 265.212 -0.00901216 0.00145952 0.999958 0
0.458241 -0.888815 0.00473584 139.299 0.888786 0.458265 0.00730331 267.043 -0.00866156 0.000862467 0.999962 0
0.459574 -0.888124 0.00532193 140.286 0.888099 0.459602 0.00682182 268.889 -0.00850459 0.00159127 0.999963 0
0.460496 -0.887648 0.00488381 141.277 0.887609 0.460522 0.00832303 270.757 -0.00963703 0.000502193 0.999953 0
0.461412 -0.887183 0.00216944 142.274 0.887176 0.461417 0.0036428 272.635 -0.00423285 0.00024384 0.999991 0
0.461401 -0.887186 0.00314784 143.277 0.887185 0.461409 0.00226964 274.542 -0.00346603 0.0017455 0.999992 0
0.461909 -0.886908 0.00585589 144.28 0.886854 0.461946 0.00983695 276.466 -0.0114296 0.000649539 0.999934 0
0.462604 -0.886526 0.00824882 145.28 0.886431 0.462676 0.0130784 278.389 -0.0154109 0.0012619 0.99988 0
0.462647 -0.886466 0.0116945 146.28 0.886429 0.462758 0.00988337 280.294 -0.014173 0.00579381 0.999883 0
0.46232 -0.886625 0.0124985 147.277 0.886661 0.4624 0.00427769 282.19 -0.00957202 0.00910431 0.999913 0
0.461959 -0.886723 0.017791 148.271 0.886795 0.462121 0.00620934 284.087 -0.0137276 0.0129085 0.999822 0
0.461429 -0.88682 0.0251537 149.251 0.886967 0.461751 0.00866389 285.992 -0.019298 0.0183127 0.999646 0
0.46117 -0.886899 0.027068 150.221 0.887231 0.461326 -0.000532527 287.867 -0.0120149 0.0242612 0.999633 0
0.460439 -0.887217 0.0290337 151.187 0.88762 0.460571 -0.00235667 289.72 -0.0112812 0.026856 0.999576 0
0.458493 -0.888015 0.0348438 152.134 0.88855 0.45878 0.000270503 291.541 -0.0162258 0.0308364 0.999393 0
0.456576 -0.88877 0.0403215 153.065 0.889447 0.457032 0.00239602 293.328 -0.0205577 0.0347699 0.999184 0
0.45478 -0.889611 0.0420368 153.979 0.890427 0.455123 -0.00158294 295.084 -0.0177237 0.0381506 0.999115 0
0.453086 -0.890579 0.0397707 154.861 0.891334 0.453338 -0.00293218 296.814 -0.0154183 0.0367775 0.999205 0
0.451808 -0.891246 0.039374 155.719 0.891965 0.452102 -0.00158739 298.504 -0.0163863 0.0358374 0.999223 0
0.451037 -0.891778 0.0360273 156.549 0.892355 0.451334 0.000135891 300.156 -0.0163815 0.0320879 0.999351 0
0.45158 -0.891575 0.0342038 157.354 0.892132 0.451769 -0.00242336 301.747 -0.0132916 0.0316087 0.999412 0
0.454048 -0.890342 0.0336472 158.136 0.89086 0.454276 -0.000953774 303.285 -0.0144359 0.030408 0.999433 0
0.456844 -0.888746 0.0377345 158.898 0.889396 0.457136 -0.000973295 304.746 -0.0163848 0.0340056 0.999287 0
0.459667 -0.887111 0.0417116 159.635 0.887882 0.460071 0.000110338 306.126 -0.0192882 0.0369843 0.99913 0
0.462227 -0.885723 0.0429183 160.328 0.886472 0.462771 0.00317594 307.425 -0.0226744 0.0365779 0.999074 0
0.466024 -0.883899 0.0393079 161.278 0.884649 0.46624 -0.00403598 309.203 -0.0147595 0.0366545 0.999219 0
0.468467 -0.882632 0.0387192 162.14 0.883361 0.468675 -0.00407554 310.811 -0.0145495 0.0361123 0.999242 0
0.463349 -0.885317 0.0390008 162.905 0.886002 0.463681 -0.000603657 312.24 -0.0175495 0.0348345 0.999239 0
0.427664 -0.903334 0.0330235 163.722 0.903906 0.42767 -0.00723413 313.926 -0.00758832 0.0329439 0.999428 0
0.340244 -0.939892 0.0289436 164.334 0.940279 0.340404 0.00062487 315.58 -0.0104398 0.0270025 0.999581 0
0.184107 -0.982569 0.0257416 164.683 0.982826 0.184364 0.00794782 317.259 -0.0125551 0.0238363 0.999637 0
-0.0729035 -0.997274 0.0114076 164.646 0.997043 -0.0725982 0.0252044 319.368 -0.0243075 0.0132113 0.999617 0
-0.30952 -0.950733 0.0174434 164.197 0.950281 -0.30861 0.0415457 321.145 -0.0341156 0.0294354 0.998984 0
-0.488789 -0.871855 0.0308994 163.552 0.872018 -0.487215 0.0469685 322.447 -0.0258951 0.0499025 0.998418 0
-0.656495 -0.753544 0.0344337 162.606 0.754308 -0.655437 0.0377101 323.614 -0.00584712 0.0507301 0.998695 0
-0.790915 -0.611137 0.0310708 161.38 0.611912 -0.78953 0.0469775 324.656 -0.00417835 0.0561678 0.998413 0
-0.870291 -0.492524 0.00373887 159.875 0.492426 -0.869906 0.0279225 325.483 -0.0105 0.0261418 0.999603 0
-0.902676 -0.43011 -0.0134267 158.22 0.429691 -0.902605 0.0258867 326.272 -0.0232532 0.017598 0.999575 0
-0.910732 -0.412947 0.00639503 156.506 0.412979 -0.910727 0.00488652 327.03 0.00380626 0.00709133 0.999968 0
-0.909863 -0.414843 0.00735707 154.683 0.414907 -0.909757 0.0139115 327.876 0.000922073 0.0157101 0.999876 0
-0.908533 -0.417802 0.0029648 152.762 0.417812 -0.908497 0.00813072 328.749 -0.00070352 0.00862575 0.999963 0
-0.903386 -0.428828 0.00055057 150.742 0.428826 -0.903384 -0.00234893 329.672 0.00150466 -0.00188589 0.999997 0
-0.899627 -0.4366 -0.00712574 149.328 0.436631 -0.899634 -0.00347465 330.35 -0.00489352 -0.00623721 0.999969 0
-0.896773 -0.4424 -0.00900431 147.865 0.442454 -0.896777 -0.00512515 331.061 -0.00580749 -0.00858008 0.999946 0
-0.893803 -0.448435 -0.00478643 146.358 0.44845 -0.893804 -0.00267681 331.826 -0.00307775 -0.00453901 0.999985 0
-0.890886 -0.454042 -0.0129693 144.79 0.45405 -0.890973 0.00251356 332.628 -0.0126966 -0.00364943 0.999913 0
-0.888194 -0.459129 -0.0176841 143.202 0.459051 -0.888369 0.00849628 333.462 -0.0196109 -0.000571546 0.999808 0
-0.88596 -0.463506 -0.0153738 141.6 0.463517 -0.886083 0.00305959 334.303 -0.0150406 -0.00441535 0.999877 0
-0.885261 -0.464975 -0.0105085 139.984 0.464978 -0.885319 0.00224514 335.164 -0.0103473 -0.0028987 0.999942 0
-0.885736 -0.464047 -0.011537 138.348 0.464031 -0.885809 0.00413634 336.03 -0.0121391 -0.00168983 0.999925 0
-0.886748 -0.462057 -0.0134728 136.717 0.462045 -0.886847 0.00417013 336.889 -0.0138751 -0.00252718 0.999901 0
-0.88779 -0.459959 -0.0163142 135.087 0.46 -0.887918 0.0013704 337.737 -0.015116 -0.00628792 0.999866 0
-0.888734 -0.458122 -0.0166193 133.468 0.458181 -0.888859 0.000251917 338.585 -0.0148876 -0.00739078 0.999862 0
-0.890715 -0.454379 -0.012873 131.85 0.454422 -0.890786 -0.000484482 339.428 -0.0112469 -0.00628129 0.999917 0
-0.893927 -0.447779 -0.019724 130.223 0.447854 -0.894106 0.000682468 340.258 -0.017941 -0.00822341 0.999805 0
-0.897014 -0.441356 -0.0238768 128.598 0.441574 -0.897214 -0.00446729 341.062 -0.0194509 -0.0145506 0.999705 0
-0.899294 -0.436868 -0.020405 126.982 0.437123 -0.899345 -0.0101237 341.852 -0.0139284 -0.0180237 0.999741 0
-0.900588 -0.434363 -0.0164253 125.369 0.434536 -0.900611 -0.00887678 342.646 -0.010937 -0.0151317 0.999826 0
-0.900535 -0.43424 -0.0217454 123.757 0.434463 -0.900665 -0.00664508 343.438 -0.0166997 -0.0154317 0.999741 0
-0.898637 -0.438353 -0.0172936 122.161 0.438569 -0.898622 -0.0116325 344.226 -0.0104413 -0.0180378 0.999783 0
-0.895207 -0.445119 -0.0217618 120.567 0.445448 -0.895205 -0.0135573 345.02 -0.0134467 -0.0218304 0.999671 0
-0.890672 -0.45396 -0.024984 118.985 0.454357 -0.890722 -0.0132355 345.824 -0.0162454 -0.0231402 0.9996 0
-0.885901 -0.46315 -0.0258892 117.424 0.463542 -0.885998 -0.0116716 346.643 -0.017532 -0.0223406 0.999597 0
-0.881019 -0.472517 -0.0230866 115.882 0.472855 -0.881057 -0.0120879 347.471 -0.0146289 -0.0215663 0.99966 0
-0.876095 -0.481686 -0.0209078 114.354 0.482001 -0.876058 -0.0140302 348.301 -0.0115583 -0.0223694 0.999683 0
-0.871109 -0.490585 -0.0222461 112.839 0.490917 -0.871108 -0.0130514 349.151 -0.012976 -0.0222902 0.999667 0
-0.866569 -0.498372 -0.0261442 111.337 0.498761 -0.86667 -0.0109691 350.013 -0.0171917 -0.0225452 0.999598 0
-0.863306 -0.50404 -0.0254325 109.868 0.504321 -0.863497 -0.00576884 350.881 -0.0190532 -0.0178064 0.99966 0
-0.861555 -0.507279 -0.0197686 108.457 0.507424 -0.861692 -0.00279858 351.722 -0.0156148 -0.0124422 0.999801 0
-0.860845 -0.508586 -0.0169159 107.113 0.508642 -0.860977 0.00115155 352.527 -0.0151499 -0.00761284 0.999856 0
-0.861432 -0.507727 -0.0121912 105.841 0.507721 -0.861513 0.00381139 353.29 -0.012438 -0.00290648 0.999918 0
-0.866256 -0.499459 -0.0118802 104.072 0.499336 -0.866326 0.0119498 354.336 -0.0162606 0.0044194 0.999858 0
-0.874914 -0.4842 -0.00870785 102.466 0.484059 -0.874917 0.0144099 355.246 -0.0145959 0.00839227 0.999858 0
-0.88559 -0.464413 -0.00712091 100.891 0.464285 -0.885567 0.0145008 356.089 -0.0130404 0.00953566 0.99987 0
-0.895323 -0.445401 -0.00371668 99.3223 0.445357 -0.895309 0.0089288 356.879 -0.00730447 0.00633892 0.999953 0
-0.903468 -0.428635 0.00409223 97.7607 0.428652 -0.903454 0.00529472 357.64 0.00142764 0.00653776 0.999978 0
-0.909786 -0.415052 0.00464871 96.1484 0.415059 -0.909794 0.00059666 358.384 0.00398173 0.00247232 0.999989 0
-0.914473 -0.404615 0.00503125 94.4736 0.404594 -0.914484 -0.00475122 359.131 0.00652341 -0.00230925 0.999976 0
-0.916278 -0.400493 0.00627489 92.738 0.400442 -0.916287 -0.00796731 359.897 0.00894045 -0.00478755 0.999949 0
-0.916046 -0.401041 -0.00511291 90.9016 0.401069 -0.91602 -0.00713635 360.7 -0.00182156 -0.00858786 0.999961 0
-0.91326 -0.406104 -0.0321616 88.9345 0.406396 -0.913692 -0.00283869 361.554 -0.028233 -0.0156628 0.999479 0
-0.910567 -0.413097 -0.0147834 87.6004 0.413315 -0.910417 -0.0176315 362.147 -0.00617553 -0.0221649 0.999735 0
-0.907126 -0.420509 -0.0171905 86.194 0.420776 -0.907005 -0.0170158 362.792 -0.00843661 -0.0226688 0.999707 0
-0.902959 -0.427781 -0.0408524 84.7134 0.428354 -0.903591 -0.00602811 363.491 -0.0343352 -0.0229424 0.999147 0
-0.900491 -0.434552 -0.0167289 83.2369 0.434796 -0.900392 -0.015697 364.205 -0.0082414 -0.0214087 0.999737 0
-0.896961 -0.441949 -0.0118883 81.6894 0.442108 -0.89658 -0.0261873 364.951 0.000914645 -0.0287449 0.999586 0
-0.891324 -0.452209 -0.0323692 80.0663 0.453087 -0.891007 -0.0286002 365.74 -0.0159079 -0.0401582 0.999067 0
-0.885033 -0.465386 -0.0114989 78.4524 0.46546 -0.884216 -0.0388508 366.573 0.0079131 -0.0397366 0.999179 0
-0.878456 -0.477821 -0.00135709 76.801 0.477628 -0.878011 -0.0311171 367.477 0.0136769 -0.0279832 0.999515 0
-0.871852 -0.489407 -0.0188256 75.0908 0.489688 -0.871764 -0.0152718 368.424 -0.00893736 -0.0225334 0.999706 0
-0.867378 -0.497439 -0.014474 73.3847 0.497617 -0.867289 -0.013658 369.38 -0.00575909 -0.0190492 0.999802 0
-0.865995 -0.499947 -0.0102618 71.6703 0.500045 -0.865911 -0.0123766 370.367 -0.00269819 -0.0158494 0.999871 0
-0.866063 -0.499801 -0.0115712 69.9427 0.499903 -0.866037 -0.00873027 371.361 -0.00565767 -0.0133454 0.999895 0
-0.868268 -0.495762 -0.0181971 68.1993 0.495936 -0.868336 -0.00641265 372.348 -0.012622 -0.0145925 0.999814 0
-0.871477 -0.490293 -0.0118786 66.4696 0.49039 -0.871472 -0.00732842 373.334 -0.00675883 -0.0122117 0.999903 0
-0.87481 -0.484459 0.00249646 64.7552 0.484449 -0.874811 -0.00384065 374.317 0.00404457 -0.00215043 0.99999 0
-0.877925 -0.478756 -0.0063663 63.0186 0.478732 -0.877947 0.00491146 375.291 -0.00794066 0.00126415 0.999968 0
-0.880046 -0.474822 -0.00795431 61.2956 0.474836 -0.880075 0.00016734 376.226 -0.00707984 -0.00362972 0.999968 0
-0.882118 -0.471001 -0.00508307 59.5798 0.471029 -0.882075 -0.00871938 377.135 -0.000376804 -0.0100858 0.999949 0
-0.883963 -0.467534 -0.0045375 57.8717 0.467555 -0.883943 -0.00618172 378.056 -0.00112072 -0.00758594 0.999971 0
-0.886429 -0.462684 -0.0129223 56.1594 0.462673 -0.88652 0.00404697 378.976 -0.0133284 -0.00239145 0.999908 0
-0.889401 -0.456838 -0.0162644 54.4498 0.456798 -0.889548 0.00636163 379.874 -0.0173742 -0.0017715 0.999847 0
-0.892161 -0.451671 -0.00650341 52.7528 0.451699 -0.892163 -0.0036543 380.74 -0.00415156 -0.0061978 0.999972 0
-0.893825 -0.448319 -0.00927196 51.0452 0.448332 -0.893867 0.000768164 381.609 -0.00863228 -0.00347031 0.999957 0
-0.895053 -0.445748 -0.013724 49.3438 0.445684 -0.895158 0.00760879 382.471 -0.0156767 0.000693706 0.999877 0
-0.895374 -0.44501 -0.0164776 47.6504 0.44492 -0.895525 0.00897908 383.317 -0.0187519 0.000708413 0.999824 0
-0.894766 -0.446201 -0.017285 45.9703 0.446224 -0.894917 0.00270294 384.147 -0.0166747 -0.00529448 0.999847 0
-0.89366 -0.448522 -0.0141438 44.3063 0.448593 -0.893734 -0.00218901 384.974 -0.011659 -0.00830104 0.999898 0
-0.892474 -0.451003 -0.00934121 42.6625 0.451038 -0.892502 -0.0019649 385.807 -0.00745088 -0.00596686 0.999954 0
-0.891479 -0.452712 -0.0178319 41.0239 0.452692 -0.891651 0.0053749 386.645 -0.0183331 -0.00328076 0.999827 0
-0.890407 -0.454712 -0.0202813 39.4221 0.454644 -0.890636 0.00811646 387.466 -0.0217539 -0.0019938 0.999761 0
-0.889338 -0.456971 -0.0159606 37.8617 0.456928 -0.88948 0.00646241 388.266 -0.0171498 -0.00154558 0.999852 0
-0.888544 -0.458327 -0.0206332 36.3415 0.458312 -0.888773 0.00571713 389.038 -0.0209586 -0.00437653 0.999771 0
-0.888107 -0.459283 -0.0180338 34.8887 0.45917 -0.88829 0.0101977 389.785 -0.0207029 0.000776058 0.999785 0
-0.888019 -0.459775 -0.00533057 33.5216 0.459722 -0.888018 0.0088956 390.494 -0.00882363 0.00544888 0.999946 0
-0.889491 -0.456707 -0.0149943 31.5782 0.456295 -0.889493 0.0244464 391.512 -0.0245021 0.014903 0.999589 0
-0.89283 -0.450392 -0.000756576 29.8243 0.45035 -0.892768 0.0122494 392.396 -0.00619247 0.0105959 0.999925 0
-0.898042 -0.439809 -0.0094644 28.1755 0.439762 -0.89809 0.00667869 393.193 -0.0114372 0.00183566 0.999933 0
-0.909329 -0.415931 -0.0110608 26.6291 0.415833 -0.909385 0.0100911 393.925 -0.0142557 0.00457674 0.999888 0
-0.93334 -0.358954 -0.00532029 25.1225 0.358872 -0.933306 0.012269 394.539 -0.00936946 0.0095418 0.999911 0
-0.976684 -0.214624 -0.00505995 23.0797 0.214551 -0.976638 0.0121382 395.079 -0.00754689 0.0107696 0.999914 0
-0.999969 0.00451079 -0.00647015 21.0287 -0.00460657 -0.999879 0.0148661 395.203 -0.00640231 0.0148955 0.999869 0
-0.967669 0.251932 -0.0121294 19.0316 -0.252003 -0.967715 0.00472415 394.806 -0.0105476 0.00762806 0.999915 0
