0.471415 -0.881567 0.024667 0.663783 0.881911 0.471204 -0.0141255 0.55895 0.000829365 0.0284131 0.999596 0
0.469397 -0.882778 0.0192373 1.48762 0.882983 0.469216 -0.0133048 2.15021 0.00271873 0.0232315 0.999726 0
0.466402 -0.884333 0.0205686 2.31435 0.884573 0.466273 -0.0110055 3.76495 0.000141963 0.0233274 0.999728 0
0.464131 -0.885508 0.0214262 3.1588 0.885766 0.463976 -0.0119896 5.40171 0.000675642 0.0245434 0.999699 0
0.462976 -0.886092 0.0222109 4.00576 0.88637 0.462852 -0.0107705 7.07606 -0.000736644 0.0246736 0.999695 0
0.463658 -0.885704 0.0234323 4.86004 0.885979 0.463712 -0.00337963 8.77988 -0.0078725 0.0223275 0.99972 0
0.466129 -0.884253 0.0286301 5.72933 0.884641 0.466269 -0.00198824 10.4212 -0.0115912 0.0262542 0.999588 0
0.468591 -0.883021 0.02639 6.60519 0.883401 0.468546 -0.00825759 12.0989 -0.0050733 0.0271824 0.999618 0
0.47017 -0.882286 0.0226436 7.50259 0.882573 0.470084 -0.00929093 13.8005 -0.00244716 0.024353 0.9997 0
0.469298 -0.882459 0.0320307 8.41978 0.88298 0.469379 -0.00540204 15.534 -0.0102674 0.0308176 0.999472 0
0.466869 -0.883263 0.0433521 9.34396 0.884301 0.466666 -0.0153134 17.2835 -0.00670523 0.0454857 0.998942 0
0.464246 -0.88497 0.0361004 10.2741 0.885705 0.463938 -0.0170064 19.11 -0.00169819 0.0398695 0.999203 0
0.46217 -0.88607 0.0357746 11.2008 0.886775 0.462029 -0.0125998 20.8914 -0.00536462 0.0375473 0.99928 0
0.459534 -0.887659 0.0298494 12.1257 0.888127 0.459549 -0.00676295 22.7276 -0.00771405 0.0296178 0.999532 0
0.459945 -0.887413 0.0307884 13.065 0.887836 0.46016 -0.000146232 24.5609 -0.0140378 0.0274023 0.999526 0
0.459345 -0.887683 0.0319551 13.999 0.88818 0.459485 -0.00324918 26.3546 -0.0117986 0.0298743 0.999484 0
0.460133 -0.887402 0.0282151 14.8748 0.8878 0.460213 -0.00395609 28.1493 -0.00947431 0.0268696 0.999594 0
0.457839 -0.888576 0.0285508 15.7822 0.888956 0.457991 -0.00137834 29.9235 -0.0118513 0.0260115 0.999591 0
0.456887 -0.8889 0.0333367 16.6496 0.889505 0.456806 -0.0104454 31.6754 -0.00594346 0.0344255 0.99939 0
0.456308 -0.889555 0.0217942 17.5666 0.889799 0.456335 -0.00401224 33.4514 -0.00637633 0.0212232 0.999754 0
0.456157 -0.889286 0.0330268 18.43 0.889837 0.456249 -0.00514898 35.1899 -0.0104895 0.0317372 0.999441 0
0.455967 -0.889346 0.0340171 19.3398 0.889956 0.455979 -0.00785222 36.8987 -0.00852774 0.0338541 0.99939 0
0.454131 -0.890193 0.0363543 20.2043 0.890854 0.454262 -0.00504487 38.6175 -0.0120234 0.0346774 0.999326 0
0.452177 -0.890872 0.0433931 21.1153 0.891708 0.452611 0.000199684 40.3187 -0.0198181 0.0386037 0.999058 0
0.449825 -0.89219 0.0406688 21.9028 0.893062 0.449835 -0.00943215 42.0457 -0.00987897 0.0405626 0.999128 0
0.448252 -0.893445 0.0287534 22.6901 0.893891 0.448208 -0.00831961 43.6114 -0.00545438 0.0294316 0.999552 0
0.446811 -0.894261 0.0256353 23.4959 0.89459 0.446872 -0.00362199 45.2808 -0.00821671 0.0245515 0.999665 0
0.443745 -0.895783 0.0257286 24.2744 0.896117 0.443803 -0.00375051 46.8231 -0.00805877 0.0247201 0.999662 0
0.441968 -0.896691 0.0246885 24.9767 0.896989 0.442045 -0.00254232 48.2841 -0.00863374 0.0232689 0.999692 0
0.440062 -0.897558 0.0270969 25.7019 0.897889 0.440221 -0.000108148 49.7972 -0.0118316 0.0243776 0.999633 0
0.436795 -0.899252 0.0235869 26.4275 0.89937 0.437093 0.0091747 51.192 -0.01856 0.0172059 0.99968 0
0.433909 -0.900666 0.0228613 27.3213 0.900953 0.433836 -0.0083447 53.1792 -0.00240225 0.0242178 0.999704 0
0.431112 -0.902114 0.0182616 28.1978 0.90228 0.431144 -0.00234399 55.0437 -0.00575882 0.0174876 0.99983 0
0.430189 -0.902429 0.023657 29.0332 0.902722 0.429875 -0.0173079 56.7006 0.00544958 0.0288013 0.99957 0
0.441381 -0.897219 0.0134486 29.7624 0.897318 0.441305 -0.00834605 58.2689 0.00155328 0.0157515 0.999875 0
0.462472 -0.886232 0.0266884 30.4975 0.886596 0.46252 -0.00474238 59.6378 -0.00814106 0.0258551 0.999633 0
0.512141 -0.858689 0.019109 31.2268 0.858826 0.512263 0.00181449 60.9747 -0.0113469 0.0154821 0.999816 0
0.621091 -0.783266 0.0272184 32.264 0.783479 0.621405 0.00415045 62.3902 -0.0201645 0.0187472 0.999621 0
0.76188 -0.647235 0.0250335 33.464 0.647359 0.762175 0.00386241 63.5243 -0.0215798 0.013263 0.999679 0
0.898955 -0.437455 0.0226616 34.8998 0.437561 0.899188 0.000283954 64.341 -0.0205012 0.00966056 0.999743 0
0.989836 -0.139374 0.0282965 36.6976 0.139493 0.99022 -0.00227159 64.7067 -0.0277032 0.00619566 0.999597 0
0.985665 0.167332 0.0215529 38.9668 -0.167009 0.985825 -0.0160329 64.5037 -0.0239302 0.0122036 0.999639 0
0.946618 0.321835 0.018325 40.8226 -0.321819 0.946793 -0.00392243 63.9851 -0.0186123 -0.00218427 0.999824 0
0.916627 0.399745 0.00020477 42.3937 -0.399728 0.916593 -0.00862202 63.3407 -0.0036343 0.00782132 0.999963 0
0.891527 0.452876 0.00913079 44.1345 -0.452751 0.891543 -0.012958 62.4803 -0.0140089 0.00741841 0.999874 0
0.879708 0.475487 0.00502249 45.5634 -0.475363 0.879646 -0.0159357 61.7147 -0.0119952 0.0116313 0.99986 0
0.871602 0.490215 4.23181e-05 47.1326 -0.490133 0.871457 -0.0182344 60.8924 -0.00897566 0.0158724 0.999834 0
0.865967 0.500101 0.000319904 48.8826 -0.500028 0.865851 -0.0165927 60.0136 -0.00857501 0.0142088 0.999862 0
0.867218 0.497915 -0.00354962 50.5852 -0.497876 0.867005 -0.0205429 58.9249 -0.00715106 0.0195824 0.999783 0
0.872428 0.488729 -0.00371939 51.8469 -0.488699 0.872223 -0.0199846 58.1969 -0.00652292 0.0192528 0.999793 0
0.876966 0.480549 -0.00148836 53.2206 -0.4805 0.876823 -0.0173243 57.4603 -0.00702015 0.015908 0.999849 0
0.88026 0.47449 0.00146112 54.6378 -0.474377 0.88011 -0.0192974 56.7502 -0.0104424 0.0162936 0.999813 0
0.883449 0.468516 -0.00321464 56.0995 -0.468488 0.883267 -0.0189569 56.0334 -0.00604221 0.0182534 0.999815 0
0.884325 0.466849 -0.00465093 57.4954 -0.466872 0.884263 -0.0104608 55.2894 -0.000770971 0.0114221 0.999934 0
0.883736 0.467985 -0.00042158 59.0154 -0.467981 0.883724 -0.00497754 54.4633 -0.00195685 0.00459612 0.999988 0
0.884112 0.467272 0.00155042 60.3944 -0.467267 0.884112 -0.00260143 53.7452 -0.00258632 0.0015755 0.999995 0
0.884346 0.466832 0.000632076 61.8821 -0.466831 0.884346 -0.00144473 53.0041 -0.00123342 0.000982569 0.999999 0
0.882855 0.46964 0.00230801 63.3521 -0.469645 0.882851 0.0025846 52.28 -0.000823794 -0.00336577 0.999994 0
0.878985 0.476741 0.0101183 64.8432 -0.476832 0.878934 0.0102881 51.5546 -0.00398859 -0.0138679 0.999896 0
0.872401 0.488643 0.0120242 66.2299 -0.488754 0.872372 0.00929566 50.7633 -0.00594732 -0.0139864 0.999884 0
0.862428 0.506043 0.0117771 67.5982 -0.50615 0.862396 0.00919842 49.9459 -0.0055017 -0.0138939 0.999888 0
0.851516 0.524169 0.0129238 68.9704 -0.524277 0.851519 0.00702616 49.1645 -0.00732192 -0.0127585 0.999892 0
0.838494 0.544706 0.0149412 70.3381 -0.544844 0.838504 0.00743717 48.2959 -0.00847722 -0.0143767 0.999861 0
0.826477 0.562692 0.0176718 71.6628 -0.562922 0.826409 0.0129422 47.5167 -0.00732164 -0.0206443 0.99976 0
0.814623 0.579868 0.0119224 72.9031 -0.579976 0.814574 0.00981023 46.5979 -0.004023 -0.0149063 0.999881 0
0.803477 0.595251 0.0100629 74.0592 -0.59532 0.803464 0.00631195 45.6976 -0.00432801 -0.0110622 0.999929 0
0.794152 0.607621 0.0109119 75.2499 -0.607689 0.794163 0.00435397 44.813 -0.00602026 -0.0100888 0.999931 0
0.788157 0.615345 0.0125998 76.4252 -0.615401 0.788214 0.000702742 43.8957 -0.00949889 -0.00830779 0.99992 0
0.78582 0.618364 0.0106124 77.5379 -0.61834 0.785889 -0.00581917 43.0551 -0.0119386 -0.00198928 0.999927 0
0.787353 0.616474 0.0058687 79.113 -0.616447 0.787375 -0.00585512 41.8906 -0.00823039 0.000992305 0.999966 0
0.803527 0.595247 0.00506138 80.5383 -0.595249 0.80354 -0.00125679 40.765 -0.00481512 -0.00200292 0.999986 0
0.831309 0.555809 -0.00143154 81.877 -0.555803 0.831308 0.00308278 39.7741 0.00290349 -0.00176709 0.999994 0
0.871482 0.490386 -0.00637811 83.2763 -0.490375 0.871505 0.0033614 39.0887 0.00720695 0.000198265 0.999974 0
0.925862 0.377858 0.0017212 84.6894 -0.377861 0.925841 0.00625786 38.4413 0.000771027 -0.00644429 0.999979 0
0.985662 0.168613 0.00629977 86.5687 -0.168654 0.985653 0.00658238 38.1641 -0.00509952 -0.00755048 0.999959 0
0.994421 -0.10502 -0.00988332 88.506 0.105058 0.99446 0.00343103 38.2956 0.00946824 -0.00445021 0.999945 0
0.926819 -0.375496 -0.00314617 90.278 0.375503 0.926819 0.0019815 38.9414 0.00217188 -0.00301788 0.999993 0
0.810849 -0.585185 0.00906858 91.8509 0.584994 0.810853 0.0173292 39.9361 -0.0174941 -0.00874632 0.999809 0
0.737417 -0.675437 0.000864975 92.8835 0.67523 0.737222 0.0238458 40.9191 -0.016744 -0.0170003 0.999715 0
0.694848 -0.719156 -0.000535073 94.2187 0.718892 0.694572 0.0276471 42.3167 -0.0195109 -0.0195952 0.999618 0
0.688601 -0.72495 -0.0166101 95.329 0.725027 0.687908 0.0334386 43.5 -0.0128151 -0.0350687 0.999303 0
0.699006 -0.714706 -0.0242161 96.4839 0.715116 0.698577 0.0245051 44.7337 -0.000597135 -0.0344465 0.999406 0
0.707766 -0.706104 -0.0220218 97.7971 0.706424 0.707149 0.0300834 46.0897 -0.00566937 -0.0368487 0.999305 0
0.715998 -0.697921 -0.0158994 99.1091 0.697961 0.715209 0.0364151 47.4321 -0.0140435 -0.0371703 0.99921 0
0.715589 -0.698301 -0.017538 100.576 0.698506 0.715183 0.0245526 48.8582 -0.00460221 -0.02982 0.999545 0
0.71085 -0.702864 -0.0259574 101.583 0.70334 0.710247 0.0293628 49.8412 -0.00220189 -0.0391294 0.999232 0
0.708237 -0.705859 -0.0127862 102.62 0.705892 0.70776 0.0281345 50.8969 -0.0108095 -0.0289516 0.999522 0
0.704633 -0.70947 -0.0120169 103.622 0.709523 0.704286 0.023613 51.9689 -0.00828938 -0.0251648 0.999649 0
0.699848 -0.713947 -0.022183 104.718 0.714287 0.699392 0.0254092 53.0997 -0.00262624 -0.0336276 0.999431 0
0.693963 -0.719719 -0.020468 105.835 0.720003 0.693543 0.0243713 54.221 -0.00334501 -0.0316498 0.999493 0
0.690594 -0.723046 -0.016868 106.988 0.723192 0.690083 0.0279055 55.4226 -0.00853662 -0.0314701 0.999468 0
0.689678 -0.723999 -0.0130284 108.066 0.724034 0.689218 0.0274485 56.6373 -0.0108933 -0.0283637 0.999538 0
0.689419 -0.724167 -0.0168332 109.218 0.724312 0.688908 0.027902 57.832 -0.0086092 -0.0314287 0.999469 0
0.691735 -0.721568 -0.0290377 110.394 0.722118 0.690755 0.0374507 59.1054 -0.00696528 -0.0468746 0.998877 0
0.696727 -0.71686 -0.0261276 111.586 0.717295 0.695834 0.0360862 60.3635 -0.00768833 -0.0438834 0.999007 0
0.698315 -0.715307 -0.0263081 112.793 0.715763 0.697493 0.0344506 61.6165 -0.00629303 -0.0428877 0.99906 0
0.699341 -0.714514 -0.0197974 114.019 0.714769 0.698852 0.0266902 62.8669 -0.00523509 -0.0328161 0.999448 0
0.701568 -0.712273 -0.0216611 115.219 0.712485 0.700577 0.0394728 64.1167 -0.0129402 -0.0431261 0.998986 0
0.703626 -0.710241 -0.0216366 116.428 0.710467 0.702678 0.0384736 65.3486 -0.012122 -0.0424431 0.999025 0
0.703457 -0.710281 -0.0254884 117.604 0.710716 0.703264 0.0173997 66.5259 0.00556639 -0.0303549 0.999524 0
0.702614 -0.711427 -0.0143026 118.808 0.711428 0.70193 0.034126 67.7578 -0.0142387 -0.0341527 0.999315 0
0.700647 -0.713505 0.00197447 120 0.712791 0.700065 0.0428848 68.9645 -0.0319807 -0.0286397 0.999078 0
0.698835 -0.715104 -0.0160066 121.146 0.715244 0.698389 0.0260455 70.1003 -0.00744645 -0.0296501 0.999533 0
0.696346 -0.717467 -0.0185458 122.354 0.717658 0.695767 0.0295924 71.3314 -0.00832797 -0.0339161 0.99939 0
0.690447 -0.723185 -0.0169323 123.464 0.723361 0.690053 0.0240194 72.5048 -0.00568625 -0.0288323 0.999568 0
0.684491 -0.728796 -0.0181535 124.566 0.728998 0.684054 0.0251352 73.7305 -0.0059004 -0.0304386 0.999519 0
0.682554 -0.730597 -0.018645 125.681 0.730734 0.681814 0.0340047 74.9434 -0.0121313 -0.0368346 0.999248 0
0.67935 -0.73367 -0.0145479 126.822 0.733762 0.678933 0.0253519 76.1045 -0.00872293 -0.0278975 0.999573 0
0.670582 -0.741716 -0.0133113 127.87 0.741813 0.670313 0.0198511 77.2909 -0.00580113 -0.0231862 0.999714 0
0.661263 -0.750113 -0.00777628 128.981 0.749949 0.660805 0.0302138 78.522 -0.0175252 -0.0258111 0.999513 0
0.654402 -0.756145 0.00137376 130.053 0.755553 0.653959 0.0384338 79.7586 -0.0299599 -0.0241132 0.99926 0
0.646116 -0.763203 -0.00744292 131.074 0.76306 0.645722 0.0279689 80.9843 -0.0165399 -0.0237505 0.999581 0
0.63441 -0.772973 -0.00600974 132.049 0.772902 0.634192 0.0205788 82.2302 -0.0120955 -0.0177003 0.99977 0
0.62215 -0.782814 -0.0115191 133.059 0.782806 0.621783 0.0244981 83.5232 -0.012015 -0.0242587 0.999633 0
0.608202 -0.793581 -0.0178735 134.074 0.793771 0.607918 0.0190417 84.8245 -0.00424551 -0.0257687 0.999659 0
0.594957 -0.803532 -0.0190374 135.065 0.803675 0.59439 0.0284206 86.1828 -0.0115212 -0.032209 0.999415 0
0.582364 -0.812817 -0.0134127 136.009 0.812616 0.581604 0.0373228 87.5314 -0.0225358 -0.0326348 0.999213 0
0.57367 -0.818963 -0.0142089 136.972 0.818792 0.572912 0.036762 88.8887 -0.0219663 -0.0327234 0.999223 0
0.566295 -0.823848 -0.0241523 137.837 0.824084 0.565473 0.0335532 90.2261 -0.0139853 -0.0389046 0.999145 0
0.56052 -0.82757 -0.0307303 138.751 0.828041 0.559493 0.0362576 91.6362 -0.0128123 -0.0457691 0.99887 0
0.555369 -0.831256 -0.0240553 139.676 0.831002 0.553635 0.054073 93.0554 -0.0316306 -0.0500205 0.998247 0
0.546958 -0.837008 -0.0159525 140.553 0.83683 0.546109 0.0384643 94.3782 -0.0234831 -0.0343879 0.999133 0
0.535794 -0.843954 -0.0258141 141.417 0.844195 0.534861 0.0354785 95.7544 -0.0161353 -0.0408013 0.999037 0
0.52311 -0.852223 -0.00852305 142.334 0.851934 0.522601 0.0331121 97.2357 -0.0237647 -0.0245823 0.999415 0
0.512537 -0.858658 0.00355707 143.169 0.858226 0.512402 0.0298565 98.636 -0.0274592 -0.0122498 0.999548 0
0.502136 -0.864742 0.00902844 144.067 0.864666 0.502213 0.0115741 100.053 -0.0145428 0.00199481 0.999892 0
0.489307 -0.872112 5.64768e-05 144.871 0.871987 0.489238 0.0168758 101.539 -0.0147452 -0.00820819 0.999858 0
0.480901 -0.876767 0.00375665 145.713 0.87606 0.480678 0.038324 103.075 -0.035407 -0.015139 0.999258 0
0.475728 -0.879592 0.00121073 146.536 0.879228 0.47557 0.0281289 104.611 -0.0253177 -0.0123172 0.999604 0
0.472643 -0.88115 -0.013563 147.237 0.881179 0.472346 0.0203299 105.995 -0.0115073 -0.0215602 0.999701 0
0.469789 -0.882756 -0.0063318 148.041 0.882555 0.469497 0.0258676 107.541 -0.019862 -0.0177405 0.999645 0
0.468304 -0.883566 0.00175722 148.879 0.883145 0.468141 0.0299812 109.121 -0.027313 -0.0124884 0.999549 0
0.465589 -0.884999 0.00202088 149.639 0.884949 0.465586 0.00978904 110.527 -0.00960418 -0.0027693 0.99995 0
0.462442 -0.886638 -0.00460743 150.421 0.8866 0.462355 0.0129403 112.075 -0.00934305 -0.0100691 0.999906 0
0.46017 -0.887818 0.00472368 151.245 0.88765 0.460178 0.017704 113.669 -0.0178916 -0.00395387 0.999832 0
0.459117 -0.888258 0.0144496 151.995 0.8883 0.45923 0.00558057 115.102 -0.0115927 0.0102734 0.99988 0
0.458134 -0.888874 0.00396255 152.736 0.888796 0.458147 0.0119401 116.599 -0.0124287 -0.00194827 0.999921 0
0.45746 -0.88923 0.00104567 153.482 0.889045 0.457389 0.0198589 118.136 -0.0181374 -0.00815502 0.999802 0
0.457232 -0.889347 0.000793176 154.216 0.889228 0.457185 0.0159712 119.555 -0.0145666 -0.00659724 0.999872 0
0.454614 -0.890646 -0.00870222 154.938 0.890621 0.454437 0.0167822 121.005 -0.0109924 -0.0153798 0.999821 0
0.451045 -0.892494 0.00364731 155.618 0.89206 0.450947 0.0295963 122.34 -0.0280592 -0.0100956 0.999555 0
0.448918 -0.893571 -0.00186542 156.305 0.893164 0.448648 0.0311786 123.698 -0.0270234 -0.0156628 0.999512 0
0.451537 -0.892119 -0.0154281 157.284 0.892199 0.451253 0.0187428 125.603 -0.00975879 -0.022228 0.999705 0
0.463012 -0.88635 -0.00191741 158.202 0.886304 0.462963 0.0113876 127.47 -0.00920568 -0.00697199 0.999933 0
0.478997 -0.877807 -0.0041647 159.121 0.877629 0.478791 0.0229412 129.284 -0.0181439 -0.0146438 0.999728 0
0.498079 -0.867041 -0.0124924 160.074 0.86713 0.498054 0.00532034 131.079 0.00160894 -0.0134825 0.999908 0
0.515333 -0.856961 -0.00707858 161.068 0.856958 0.515223 0.0129808 132.773 -0.00747703 -0.0127555 0.999891 0
0.523603 -0.851959 -0.00242426 162.087 0.851913 0.52354 0.0122827 134.424 -0.00919516 -0.00849652 0.999922 0
0.523581 -0.851973 -0.00215316 163.088 0.851833 0.523445 0.0196245 136.132 -0.0155925 -0.0121091 0.999805 0
0.520292 -0.853833 -0.0162825 164.053 0.853965 0.520324 0.00253259 137.789 0.00630976 -0.0152224 0.999864 0
0.51137 -0.859244 -0.0141579 165.086 0.859331 0.511146 0.0167192 139.546 -0.00712909 -0.020716 0.99976 0
0.502375 -0.86465 -0.000181398 166.116 0.864253 0.502139 0.0303913 141.312 -0.0261868 -0.0154246 0.999538 0
0.49685 -0.867821 -0.00514375 166.793 0.867735 0.496692 0.0182618 142.511 -0.0132932 -0.0135368 0.99982 0
0.493603 -0.869625 0.0104405 167.829 0.869525 0.493707 0.0134175 144.259 -0.0168228 0.00245537 0.999855 0
0.492821 -0.869952 0.0176273 168.558 0.869936 0.493038 0.0111669 145.469 -0.0184056 0.00983135 0.999782 0
0.490292 -0.871147 0.0267657 169.557 0.871437 0.490505 0.0016074 147.21 -0.014529 0.0225366 0.99964 0
0.489567 -0.871362 0.0324528 170.285 0.871697 0.490001 0.00660952 148.442 -0.0216612 0.0250532 0.999451 0
0.490481 -0.870912 0.0306774 171.259 0.871412 0.490493 -0.00766654 150.152 -0.00837017 0.0304929 0.9995 0
0.490855 -0.871021 0.0196144 172.246 0.871214 0.490895 -0.00305877 151.904 -0.00696435 0.0185897 0.999803 0
0.489008 -0.871619 0.0339259 173.223 0.87194 0.489533 0.00884884 153.604 -0.0243206 0.0252542 0.999385 0
0.474649 -0.879073 0.0440355 174.08 0.879864 0.475217 0.00280545 155.117 -0.0233926 0.0374137 0.999026 0
0.439671 -0.896987 0.0458727 174.803 0.898011 0.439951 -0.00433609 156.711 -0.0162924 0.0431007 0.998938 0
0.345926 -0.936745 0.0533196 175.486 0.938049 0.3465 0.00161912 158.517 -0.0199919 0.0494563 0.998576 0
0.189361 -0.9812 0.0372684 175.866 0.981895 0.189411 -0.00223792 160.278 -0.00486318 0.0370175 0.999303 0
-0.0818971 -0.996481 -0.0178301 175.676 0.996632 -0.0819581 0.00271497 162.404 -0.00416674 -0.0175477 0.999837 0
-0.309363 -0.949887 -0.0448339 175.172 0.950003 -0.31081 0.0298569 164.116 -0.0422955 -0.0333557 0.998548 0
-0.518953 -0.853894 -0.0394075 174.39 0.853615 -0.52011 0.0287364 165.62 -0.0450341 -0.018726 0.99881 0
-0.698021 -0.715506 -0.0285815 173.148 0.715288 -0.69857 0.0190735 166.821 -0.0336134 -0.00713029 0.999409 0
-0.811024 -0.584453 -0.025595 171.587 0.584311 -0.811418 0.0134841 167.925 -0.0286491 -0.0040195 0.999581 0
-0.855455 -0.517382 -0.0226541 170.324 0.517292 -0.855749 0.0101202 168.725 -0.0246223 -0.00306138 0.999692 0
-0.875837 -0.482001 -0.0241847 168.93 0.482131 -0.876099 0.000505135 169.503 -0.0214316 -0.0112178 0.999707 0
-0.882942 -0.468962 -0.0220794 167.349 0.469105 -0.883141 -0.00152813 170.386 -0.0187826 -0.0117068 0.999755 0
-0.883916 -0.467173 -0.0210221 165.617 0.467235 -0.884131 0.00219096 171.186 -0.0196099 -0.00788563 0.999777 0
-0.883199 -0.468699 -0.0167851 164.308 0.468731 -0.883338 0.0021994 171.819 -0.0158578 -0.00592521 0.999857 0
-0.883091 -0.468947 -0.0154555 163.004 0.468999 -0.883199 0.000329862 172.473 -0.0138049 -0.00695729 0.99988 0
-0.881729 -0.471523 -0.014833 161.569 0.471566 -0.88183 0.000673015 173.201 -0.0133975 -0.00640133 0.99989 0
-0.88018 -0.474529 -0.0103014 160.141 0.474464 -0.880237 0.00814635 174.023 -0.0129334 0.00228258 0.999914 0
-0.878818 -0.477013 -0.0117172 158.618 0.476918 -0.87889 0.0100739 174.735 -0.0151035 0.00326496 0.999881 0
-0.877794 -0.478779 -0.0157335 157.063 0.478544 -0.877907 0.0165776 175.522 -0.0217496 0.00702251 0.999739 0
-0.878753 -0.477112 -0.0125448 155.524 0.476915 -0.878806 0.0158639 176.322 -0.0185934 0.00795767 0.999795 0
-0.879572 -0.475712 -0.00719145 154.029 0.475565 -0.879539 0.0158119 177.165 -0.0138471 0.0104877 0.999849 0
-0.882611 -0.469915 -0.0133314 152.434 0.469633 -0.882641 0.0197424 178.094 -0.0210441 0.011164 0.999716 0
-0.885011 -0.465343 -0.0145561 150.908 0.464868 -0.88496 0.0272707 178.807 -0.0255718 0.0173681 0.999522 0
-0.88793 -0.459856 -0.0106087 149.346 0.459486 -0.88781 0.0258192 179.551 -0.0212917 0.0180511 0.99961 0
-0.888573 -0.458688 -0.00658278 147.765 0.458393 -0.888373 0.0258693 180.366 -0.0177139 0.0199693 0.999644 0
-0.889021 -0.457835 -0.00536655 146.216 0.457659 -0.88891 0.0196513 181.168 -0.0137674 0.0150143 0.999793 0
-0.888766 -0.458343 -0.00398307 144.686 0.458257 -0.888717 0.0134792 182.006 -0.0097179 0.0101545 0.999901 0
-0.887742 -0.460271 -0.00802798 143.144 0.460235 -0.887777 0.00592254 182.899 -0.00985303 0.00156293 0.99995 0
-0.885143 -0.465259 -0.00751625 141.606 0.465203 -0.885167 0.00804135 183.596 -0.0103945 0.00362116 0.999939 0
-0.883502 -0.468422 -0.0020224 140.154 0.468283 -0.88333 0.0209383 184.377 -0.0115944 0.017552 0.999779 0
-0.881553 -0.472085 -0.000978148 138.653 0.471992 -0.881417 0.0180851 185.124 -0.00939987 0.0154813 0.999836 0
-0.881339 -0.472468 -0.00389162 137.187 0.472309 -0.881208 0.0198896 185.969 -0.0128265 0.0156914 0.999795 0
-0.881712 -0.471752 -0.00582025 135.743 0.471478 -0.881513 0.0253758 186.775 -0.0171017 0.01963 0.999661 0
-0.884728 -0.466109 2.66987e-05 134.285 0.465953 -0.88443 0.0259269 187.619 -0.0120611 0.0229507 0.999664 0
-0.889004 -0.457895 -0.00206743 132.821 0.457824 -0.888931 0.0140773 188.247 -0.0082837 0.0115682 0.999899 0
-0.893799 -0.448431 -0.00574439 131.405 0.448401 -0.893813 0.00589113 188.926 -0.00777618 0.0026897 0.999966 0
-0.897544 -0.440772 -0.0115699 129.934 0.440786 -0.897611 0.00145599 189.634 -0.011027 -0.00379304 0.999932 0
-0.900746 -0.434123 -0.0139284 128.506 0.434168 -0.900832 -0.000252945 190.269 -0.0124373 -0.0062751 0.999903 0
-0.902312 -0.430776 -0.0163066 127.085 0.430926 -0.90236 -0.00700117 190.932 -0.0116985 -0.0133442 0.999843 0
-0.902862 -0.429496 -0.0193066 125.725 0.429777 -0.902828 -0.0138943 191.624 -0.011463 -0.0208422 0.999717 0
-0.903134 -0.428891 -0.0200419 123.799 0.429214 -0.903057 -0.0162292 192.559 -0.0111384 -0.0232594 0.999667 0
-0.900028 -0.435172 -0.0239746 121.969 0.435646 -0.899889 -0.0203238 193.389 -0.0127301 -0.0287364 0.999506 0
-0.896371 -0.44277 -0.0217507 120.23 0.443193 -0.896168 -0.021537 194.198 -0.0099563 -0.0289448 0.999531 0
-0.892133 -0.451267 -0.0213492 118.669 0.451665 -0.891956 -0.0203564 194.982 -0.00985636 -0.0278033 0.999565 0
-0.88614 -0.462934 -0.0211901 117.238 0.463313 -0.885987 -0.0191958 195.781 -0.00988778 -0.0268278 0.999591 0
-0.878128 -0.477868 -0.0231196 115.582 0.478208 -0.878161 -0.012238 196.607 -0.0144546 -0.0218025 0.999658 0
-0.867056 -0.497582 -0.0250017 114.16 0.497956 -0.867124 -0.0116306 197.393 -0.0158925 -0.0225341 0.99962 0
-0.853226 -0.521127 -0.0208042 112.822 0.52138 -0.853275 -0.00914763 198.238 -0.0129846 -0.0186519 0.999742 0
-0.843676 -0.536841 -0.00364411 111.583 0.536852 -0.843637 -0.00818494 199.021 0.00131971 -0.00886178 0.99996 0
-0.810504 -0.585671 0.00852557 110.395 0.585467 -0.810489 -0.0183172 199.943 0.0176378 -0.00985475 0.999796 0
-0.715985 -0.698109 0.00315698 109.269 0.698058 -0.715976 -0.00960488 200.939 0.00896557 -0.00467319 0.999949 0
-0.553887 -0.832587 -0.00264358 108.385 0.832547 -0.553888 0.00863987 202.16 -0.00865769 0.00258462 0.999959 0
-0.305203 -0.952275 0.00477384 107.739 0.952213 -0.305112 0.0140679 203.774 -0.0119399 0.00883926 0.99989 0
0.00663471 -0.999944 0.00819529 107.506 0.999943 0.0067032 0.00835762 205.853 -0.00841209 0.00813937 0.999932 0
0.226704 -0.973813 0.0171024 107.972 0.973901 0.226854 0.00739534 207.759 -0.0110814 0.0149795 0.999826 0
0.3491 -0.936931 0.0170233 108.482 0.937024 0.349228 0.00514308 209.249 -0.0107637 0.0141558 0.999842 0
0.426393 -0.904285 0.0213824 109.233 0.90444 0.426576 0.00465518 210.931 -0.0133308 0.0173542 0.999761 0
0.46519 -0.88501 0.0188522 110.16 0.885102 0.465361 0.00577144 212.687 -0.0138809 0.0140013 0.999806 0
0.485083 -0.874168 0.0229348 111.11 0.874361 0.485266 0.00291008 214.548 -0.0136734 0.0186416 0.999733 0
0.490384 -0.871208 0.0228159 112.182 0.871359 0.490614 0.00551789 216.426 -0.016001 0.0171749 0.999724 0
0.492009 -0.870234 0.0248814 112.956 0.870382 0.492315 0.00778201 217.77 -0.0190217 0.0178275 0.99966 0
0.488732 -0.872014 0.0270647 113.758 0.872293 0.488976 0.00280935 219.169 -0.0156838 0.0222353 0.99963 0
0.486895 -0.873195 0.0215448 114.529 0.873424 0.486953 -0.00281563 220.625 -0.00803272 0.0201887 0.999764 0
0.486798 -0.873476 0.00818206 115.366 0.873466 0.486848 0.00599087 222.208 -0.0092163 0.00423041 0.999949 0
0.487476 -0.872788 0.0246577 116.221 0.872744 0.487909 0.0162121 223.848 -0.0261804 0.0136169 0.999564 0
0.485872 -0.873443 0.032034 117.13 0.873821 0.48623 0.00403062 225.387 -0.0190964 0.0260336 0.999479 0
0.483785 -0.874819 0.0253913 118.01 0.875151 0.483824 -0.0049792 226.99 -0.00792903 0.0246301 0.999665 0
0.482382 -0.875695 0.0215674 118.943 0.875924 0.482442 -0.00270765 228.713 -0.00803391 0.0201975 0.999764 0
0.482316 -0.875614 0.0259098 119.862 0.875793 0.482631 0.00730436 230.45 -0.0189007 0.0191686 0.999638 0
0.482804 -0.875156 0.0316785 120.832 0.875359 0.483335 0.0115693 232.26 -0.0254362 0.0221444 0.999431 0
0.483466 -0.874824 0.0307029 121.802 0.875172 0.483796 0.00391744 234.076 -0.018281 0.0249763 0.999521 0
0.482902 -0.875198 0.0289017 122.813 0.875563 0.483104 1.33945e-05 235.861 -0.0139742 0.0252988 0.999582 0
0.479471 -0.876862 0.0349281 123.819 0.877325 0.479881 0.0039534 237.717 -0.0202279 0.0287477 0.999382 0
0.477939 -0.877579 0.0378095 124.823 0.878239 0.478218 -0.00186518 239.495 -0.0164443 0.0340972 0.999283 0
0.475133 -0.879514 0.0265337 125.863 0.879868 0.475201 -0.00410408 241.387 -0.00899922 0.0252961 0.99964 0
0.472367 -0.881051 0.0248758 126.831 0.881337 0.472486 -0.00125227 243.325 -0.0106501 0.0225155 0.99969 0
0.469609 -0.882568 0.0232723 127.813 0.882697 0.46988 0.00765752 245.158 -0.0176934 0.0169463 0.9997 0
0.468342 -0.883242 0.0232307 128.758 0.883332 0.468646 0.00976773 246.983 -0.0195143 0.0159458 0.999682 0
0.467987 -0.883448 0.0225374 129.759 0.883592 0.468218 0.00606428 248.861 -0.0159099 0.0170759 0.999728 0
0.468685 -0.882735 0.0333653 130.692 0.883316 0.468725 -0.00708633 250.649 -0.00938382 0.0327934 0.999418 0
0.469019 -0.882963 0.0199501 131.688 0.883098 0.469174 0.00368673 252.563 -0.0126153 0.0158888 0.999794 0
0.469739 -0.882466 0.0244603 132.632 0.882675 0.469966 0.00416114 254.355 -0.0151676 0.0196358 0.999692 0
0.470816 -0.881801 0.0275724 133.594 0.881974 0.471204 0.00944877 256.23 -0.0213241 0.0198695 0.999575 0
0.471473 -0.881296 0.0321083 134.55 0.881708 0.471788 0.0025741 258.043 -0.0174168 0.0270965 0.999481 0
0.471576 -0.881415 0.0269006 135.431 0.881756 0.471701 -0.00185826 259.738 -0.0110511 0.0245961 0.999636 0
0.471253 -0.88176 0.0204802 136.421 0.88194 0.47136 0.000490566 261.607 -0.0100861 0.0178311 0.99979 0
0.471346 -0.881643 0.0232113 137.397 0.881882 0.471469 -0.00015385 263.488 -0.0108078 0.0205421 0.999731 0
0.470499 -0.882239 0.0168964 138.34 0.882316 0.470633 0.0048058 265.32 -0.0121918 0.0126468 0.999846 0
0.471378 -0.881713 0.0196182 139.302 0.881819 0.471556 0.00545486 267.133 -0.0140607 0.0147284 0.999793 0
0.473439 -0.880594 0.0202459 140.281 0.880734 0.473597 0.00358247 268.982 -0.0127431 0.0161352 0.999789 0
0.473985 -0.88033 0.0189087 141.28 0.880439 0.474139 0.00445983 270.79 -0.0128915 0.0145341 0.999811 0
0.473644 -0.880417 0.0229707 142.282 0.880651 0.473766 -0.000147019 272.705 -0.0107533 0.0202988 0.999736 0
0.47277 -0.881015 0.0173755 143.287 0.881147 0.472842 6.09062e-05 274.613 -0.00826953 0.0152816 0.999849 0
0.474044 -0.880399 0.0134334 144.271 0.880364 0.474185 0.010408 276.419 -0.0155331 0.00689245 0.999856 0
0.473641 -0.880561 0.016648 145.333 0.880497 0.473861 0.0134491 278.475 -0.0197316 0.00828849 0.999771 0
0.473117 -0.88052 0.0290663 146.288 0.880829 0.473417 0.00405432 280.324 -0.0173304 0.0236842 0.999569 0
0.472109 -0.880879 0.0341472 147.259 0.881422 0.472325 -0.00193789 282.187 -0.0144216 0.031013 0.999415 0
0.471247 -0.881565 0.0277523 148.34 0.881892 0.47145 0.000891075 284.201 -0.0138693 0.0240546 0.999614 0
0.469286 -0.881719 0.0483928 149.276 0.882727 0.469885 0.00114084 285.99 -0.0237449 0.0421822 0.998828 0
0.468406 -0.882502 0.0422703 150.277 0.883398 0.468581 -0.00628205 287.869 -0.0142631 0.0402841 0.999086 0
0.468263 -0.882823 0.0367758 151.304 0.883492 0.468422 -0.00472139 289.782 -0.0130584 0.034702 0.999312 0
0.466496 -0.88378 0.0362603 152.174 0.884364 0.466798 -0.00015762 291.509 -0.0167869 0.0321408 0.999342 0
0.465111 -0.884032 0.0464702 153.113 0.884985 0.46562 0.000124286 293.346 -0.0217473 0.0410676 0.99892 0
0.463502 -0.884688 0.0499309 154.008 0.885894 0.463864 -0.00478205 295.055 -0.0189305 0.0464499 0.998741 0
0.461805 -0.885798 0.0457989 154.906 0.886828 0.462071 -0.00523694 296.78 -0.0165234 0.0430342 0.998937 0
0.460677 -0.886517 0.0431813 155.795 0.887422 0.460937 -0.00433497 298.486 -0.0160608 0.0403171 0.999058 0
0.459791 -0.887031 0.0420494 156.611 0.88788 0.460062 -0.00354739 300.151 -0.0161987 0.0389659 0.999109 0
0.46069 -0.886497 0.043438 157.392 0.887462 0.460817 -0.00766014 301.733 -0.0132263 0.0420786 0.999027 0
0.463425 -0.885164 0.0414886 158.172 0.886027 0.463595 -0.00601282 303.283 -0.0139116 0.0395465 0.999121 0
0.466881 -0.883404 0.040257 158.942 0.884165 0.467167 -0.00255581 304.722 -0.0165489 0.0367871 0.999186 0
0.469636 -0.881861 0.0419907 159.695 0.882676 0.469978 -0.0019373 306.116 -0.0180263 0.037974 0.999116 0
0.472618 -0.880291 0.0414835 160.419 0.881019 0.473078 0.0014562 307.41 -0.0209068 0.0358596 0.999138 0
0.47634 -0.878011 0.0468761 161.335 0.879145 0.476465 -0.0091777 309.192 -0.0142767 0.0455826 0.998859 0
0.478451 -0.877291 0.0380169 162.195 0.878014 0.478601 -0.00563418 310.821 -0.0132521 0.0360751 0.999261 0
0.473224 -0.879831 0.0442303 162.969 0.880781 0.4735 -0.00469253 312.249 -0.0168144 0.0411779 0.99901 0
0.438114 -0.89827 0.0341643 163.872 0.898885 0.438111 -0.00796249 313.95 -0.0078153 0.0341983 0.999385 0
0.355759 -0.934061 0.0310844 164.434 0.934561 0.355754 -0.00588656 315.596 -0.00556 0.0311445 0.999499 0
0.203665 -0.978589 0.0297459 164.753 0.979014 0.203791 0.00124009 317.292 -0.0072755 0.0288691 0.999557 0
-0.0517608 -0.998472 0.0193662 164.751 0.998562 -0.0514756 0.014945 319.427 -0.0139253 0.0201119 0.999701 0
-0.292312 -0.956041 0.0231998 164.254 0.956112 -0.291653 0.0280755 321.144 -0.0200751 0.0303884 0.999337 0
-0.477077 -0.878145 0.0354966 163.558 0.878765 -0.476037 0.0340584 322.494 -0.0130105 0.0474417 0.998789 0
-0.649379 -0.759445 0.0393683 162.582 0.760434 -0.648952 0.0245478 323.682 0.00690539 0.0458778 0.998923 0
-0.787134 -0.615984 0.0313648 161.353 0.616778 -0.786292 0.0364684 324.753 0.00219794 0.0480507 0.998842 0
-0.867364 -0.497617 0.00760787 159.865 0.497674 -0.86724 0.0146667 325.488 -0.00070056 0.0165076 0.999864 0
-0.899368 -0.437167 -0.00472121 158.212 0.437069 -0.899318 0.0141124 326.232 -0.0104153 0.0106287 0.999889 0
-0.906675 -0.421705 0.0102501 156.53 0.421705 -0.90673 -0.00225212 326.979 0.0102438 0.00228058 0.999945 0
-0.905328 -0.424627 0.00858984 154.686 0.424644 -0.90536 0.000267657 327.829 0.00766325 0.00388994 0.999963 0
-0.902741 -0.430175 0.00289543 152.768 0.430167 -0.902744 -0.00300617 328.755 0.00390701 -0.00146828 0.999991 0
-0.897213 -0.441597 0.000932722 150.793 0.441573 -0.897182 -0.00880972 329.686 0.00472717 -0.00749233 0.999961 0
-0.893407 -0.449185 -0.00762057 149.382 0.449245 -0.893345 -0.0106761 330.372 -0.00201228 -0.0129616 0.999914 0
-0.89036 -0.455248 -0.00277966 147.922 0.455256 -0.890351 -0.00407645 331.123 -0.000619079 -0.00489497 0.999988 0
-0.887906 -0.460025 -0.00083526 146.477 0.460025 -0.887904 -0.00193114 331.923 0.00014674 -0.00209891 0.999998 0
-0.88564 -0.464268 -0.00986194 144.899 0.464295 -0.885681 -0.000533046 332.638 -0.00848705 -0.00505093 0.999951 0
-0.8824 -0.47022 -0.0162449 143.222 0.470246 -0.882532 0.00240175 333.558 -0.015466 -0.00551981 0.999865 0
-0.880796 -0.473469 -0.00511578 141.642 0.473399 -0.880782 0.0107548 334.34 -0.00959795 0.00705098 0.999929 0
-0.879927 -0.475099 -0.00295905 140.023 0.475068 -0.879917 0.00756639 335.211 -0.0061985 0.00525212 0.999967 0
-0.880834 -0.473372 -0.0070691 138.446 0.473354 -0.880862 0.00415804 336.114 -0.0081952 0.000316352 0.999966 0
-0.88218 -0.470759 -0.0120368 136.85 0.470806 -0.882236 -0.0012298 336.944 -0.0100404 -0.00675192 0.999927 0
-0.883443 -0.468393 -0.0116592 135.144 0.468409 -0.883511 0.00149259 337.784 -0.0110001 -0.00414265 0.999931 0
-0.884369 -0.466694 -0.00938548 133.538 0.46668 -0.884418 0.00379075 338.621 -0.0100698 -0.00102759 0.999949 0
-0.886478 -0.462649 -0.0106317 131.879 0.462695 -0.886514 -0.00227865 339.463 -0.00837092 -0.0069392 0.999941 0
-0.889862 -0.455771 -0.0204701 130.282 0.455998 -0.889945 -0.00798699 340.333 -0.0145771 -0.0164416 0.999759 0
-0.893684 -0.448328 -0.0181867 128.611 0.448441 -0.893809 -0.00243878 341.1 -0.0151621 -0.0103352 0.999832 0
-0.895226 -0.445483 -0.0107292 127.035 0.445542 -0.895253 -0.00386292 341.953 -0.00788451 -0.00823851 0.999935 0
-0.897049 -0.441713 -0.0138836 125.434 0.441856 -0.897033 -0.00972437 342.661 -0.00815868 -0.0148578 0.999856 0
-0.896682 -0.442497 -0.0125776 123.786 0.442567 -0.896729 -0.00337667 343.47 -0.00978455 -0.00859424 0.999915 0
-0.894965 -0.445973 -0.0121064 122.222 0.446081 -0.894953 -0.00845405 344.225 -0.00706441 -0.0129665 0.999891 0
-0.89125 -0.453195 -0.0169393 120.591 0.453416 -0.891208 -0.0127652 345.041 -0.00931132 -0.0190576 0.999775 0
-0.886706 -0.461918 -0.0195755 119.007 0.462185 -0.886699 -0.0122591 345.868 -0.0116949 -0.0199177 0.999733 0
-0.882071 -0.470722 -0.0192898 117.478 0.470976 -0.882069 -0.0116633 346.706 -0.0115247 -0.0193729 0.999746 0
-0.877185 -0.479893 -0.0157672 115.927 0.480085 -0.87714 -0.0120064 347.514 -0.00806823 -0.0181014 0.999804 0
-0.872446 -0.488458 -0.0157342 114.373 0.488676 -0.872317 -0.0161092 348.371 -0.00585659 -0.0217433 0.999746 0
-0.867482 -0.497178 -0.0170173 112.876 0.49742 -0.86737 -0.0155555 349.16 -0.0070264 -0.0219589 0.999734 0
-0.863186 -0.504458 -0.0207999 111.342 0.504778 -0.863122 -0.0148268 350.037 -0.0104734 -0.0232975 0.999674 0
-0.859786 -0.510299 -0.019048 109.891 0.510499 -0.859846 -0.00746562 350.93 -0.0125687 -0.0161428 0.999791 0
-0.857544 -0.51415 -0.016394 108.495 0.5143 -0.857586 -0.00652452 351.836 -0.0107047 -0.0140265 0.999844 0
-0.85727 -0.514629 -0.0156462 107.122 0.514751 -0.857326 -0.00481861 352.585 -0.0109341 -0.0121847 0.999866 0
-0.857415 -0.514529 -0.0100214 105.854 0.514561 -0.857454 -0.000745225 353.329 -0.00820943 -0.00579558 0.99995 0
-0.862064 -0.506716 -0.00919346 104.094 0.506699 -0.862112 0.00422754 354.418 -0.010068 -0.0010139 0.999949 0
-0.870965 -0.491282 -0.00791044 102.553 0.491231 -0.870997 0.0075214 355.302 -0.0105851 0.00266502 0.99994 0
-0.881354 -0.472401 -0.00721024 100.971 0.472354 -0.881379 0.00725586 356.213 -0.00978263 0.0029892 0.999948 0
-0.891343 -0.453328 -0.0012582 99.3618 0.453318 -0.891336 0.00485181 356.973 -0.00332094 0.00375426 0.999987 0
-0.899556 -0.436779 0.00481613 97.7833 0.436786 -0.899566 0.000391429 357.7 0.00416145 0.00245573 0.999988 0
-0.905701 -0.423877 0.00591803 96.2011 0.423873 -0.90572 -0.00196362 358.468 0.0061924 0.000730041 0.999981 0
-0.910847 -0.412674 0.00755434 94.5235 0.412649 -0.910878 -0.00469044 359.186 0.00881671 -0.00115498 0.99996 0
-0.912838 -0.408242 0.00807133 92.7661 0.40819 -0.912867 -0.00740821 359.981 0.0103924 -0.00346786 0.99994 0
-0.91293 -0.408109 -0.00221099 90.9216 0.408114 -0.912899 -0.00761611 360.754 0.0010898 -0.00785531 0.999969 0
-0.910319 -0.413015 -0.0271799 88.9594 0.4132 -0.910639 -0.00132829 361.598 -0.0242025 -0.0124399 0.99963 0
-0.907567 -0.41981 -0.00908737 87.6153 0.419896 -0.907492 -0.0120467 362.204 -0.00318939 -0.0147489 0.999886 0
-0.904159 -0.426982 -0.013521 86.2278 0.427154 -0.904061 -0.0146273 362.862 -0.0059782 -0.019001 0.999802 0
-0.900256 -0.433854 -0.036201 84.7403 0.434226 -0.9008 -0.00272385 363.599 -0.0314281 -0.0181716 0.999341 0
-0.897977 -0.439872 -0.0122186 83.2584 0.440011 -0.897896 -0.0131674 364.269 -0.00517903 -0.0172003 0.999839 0
-0.894392 -0.447156 -0.0107238 81.7096 0.44728 -0.894025 -0.0256791 364.989 0.00189521 -0.0277637 0.999613 0
-0.888824 -0.457488 -0.0263991 80.0605 0.458126 -0.888444 -0.0280647 365.759 -0.0106148 -0.0370387 0.999257 0
-0.882124 -0.470965 -0.00700194 78.4833 0.470949 -0.881648 -0.0300821 366.62 0.00799436 -0.0298337 0.999523 0
-0.875181 -0.483778 -0.00412724 76.8027 0.483668 -0.874724 -0.0303894 367.505 0.0110915 -0.0285924 0.99953 0
-0.869087 -0.494295 -0.0189499 75.1394 0.494597 -0.868946 -0.0175342 368.473 -0.00779935 -0.0246113 0.999667 0
-0.864421 -0.502627 -0.0119548 73.4507 0.502749 -0.864353 -0.0116676 369.513 -0.00446878 -0.016096 0.99986 0
-0.863152 -0.50479 -0.0124674 71.7266 0.504938 -0.863003 -0.0162542 370.442 -0.00255446 -0.0203251 0.99979 0
-0.862981 -0.505091 -0.0121163 69.9666 0.505219 -0.862903 -0.0123093 371.432 -0.00423789 -0.0167441 0.999851 0
-0.864771 -0.501737 -0.0207519 68.2338 0.502011 -0.864792 -0.0109328 372.478 -0.0124607 -0.019872 0.999725 0
-0.868602 -0.495434 -0.00872508 66.5363 0.495493 -0.868586 -0.00670743 373.427 -0.00425539 -0.0101493 0.999939 0
-0.872386 -0.488795 -0.00475025 64.7848 0.488813 -0.872294 -0.012819 374.436 0.00212226 -0.0135051 0.999907 0
-0.875004 -0.484009 -0.01013 63.0369 0.484061 -0.875028 -0.0033516 375.378 -0.00724187 -0.00783622 0.999943 0
-0.876992 -0.480433 -0.0083071 61.2941 0.480467 -0.877009 -0.00256987 376.319 -0.00605075 -0.00624504 0.999962 0
-0.879331 -0.476153 -0.00736577 59.6205 0.476207 -0.87928 -0.00968311 377.183 -0.00186593 -0.0120223 0.999926 0
-0.880766 -0.473528 -0.00468838 57.8964 0.473547 -0.880757 -0.00450203 378.12 -0.00199748 -0.0061854 0.999979 0
-0.884103 -0.467169 -0.010731 56.1729 0.467098 -0.884164 0.00858323 378.994 -0.0134978 0.00257601 0.999906 0
-0.886598 -0.462405 -0.011202 54.4763 0.462295 -0.886656 0.0111544 379.966 -0.0150901 0.00471083 0.999875 0
-0.889942 -0.456073 -0.000495842 52.8036 0.456066 -0.889933 0.00472869 380.86 -0.00259789 0.00398212 0.999989 0
-0.891336 -0.453303 -0.00608405 51.0255 0.453308 -0.891354 0.000655192 381.703 -0.00572004 -0.00217395 0.999981 0
-0.893366 -0.449169 -0.0120361 49.3376 0.449133 -0.893447 0.00568976 382.531 -0.0133093 -0.000322784 0.999911 0
-0.893239 -0.449364 -0.0140224 47.6718 0.449266 -0.893345 0.00967586 383.376 -0.0168748 0.00234306 0.999855 0
-0.892749 -0.450334 -0.0141085 45.981 0.450368 -0.892843 0.000827672 384.21 -0.0129694 -0.00561511 0.9999 0
-0.891328 -0.453212 -0.0115404 44.3383 0.453265 -0.891373 -0.00234566 385.071 -0.00922374 -0.00732163 0.999931 0
-0.890541 -0.454819 -0.00876455 42.6724 0.45488 -0.890526 -0.00692628 385.946 -0.00465486 -0.0101549 0.999938 0
-0.889173 -0.45724 -0.0173933 41.0536 0.457349 -0.889283 -0.0026808 386.729 -0.0142418 -0.0103385 0.999845 0
-0.88856 -0.458387 -0.0184989 39.4048 0.458402 -0.888737 0.00371602 387.526 -0.018144 -0.00517802 0.999822 0
-0.887801 -0.460012 -0.0140471 37.8744 0.459988 -0.88791 0.00508702 388.297 -0.0148127 -0.00194525 0.999888 0
-0.886226 -0.462744 -0.0217435 36.384 0.462828 -0.886447 0.00126628 389.068 -0.0198604 -0.00894129 0.999763 0
-0.885514 -0.464279 -0.0175693 34.875 0.464264 -0.885682 0.00520301 389.886 -0.0179765 -0.00354944 0.999832 0
-0.885619 -0.464381 -0.00535882 33.5069 0.464368 -0.885635 0.00354011 390.623 -0.00638992 0.000646723 0.999979 0
-0.886453 -0.462568 -0.0152312 31.6243 0.462321 -0.886546 0.017194 391.616 -0.0214566 0.00819999 0.999736 0
-0.891009 -0.453986 0.000282637 29.8283 0.453983 -0.890998 0.00474972 392.5 -0.00190448 0.00436035 0.999989 0
-0.896306 -0.443275 -0.0119469 28.1493 0.443322 -0.896361 -0.00145955 393.296 -0.0100618 -0.00660454 0.999928 0
-0.908228 -0.418363 -0.00974634 26.6299 0.418343 -0.90828 0.00408708 394.063 -0.0105623 -0.000365314 0.999944 0
-0.931451 -0.363863 -0.00162004 25.0935 0.363833 -0.931417 0.00941238 394.703 -0.00493374 0.00817775 0.999954 0
-0.973853 -0.227168 -0.00240141 23.1254 0.227142 -0.973829 0.00794904 395.172 -0.00414433 0.00719573 0.999966 0
-0.999943 -0.0103479 -0.00271534 21.0472 0.0103097 -0.999853 0.013718 395.253 -0.00285689 0.0136892 0.999902 0
-0.969499 0.244984 -0.00737076 19.1063 -0.245023 -0.969504 0.00502804 394.753 -0.0059142 0.00668069 0.99996 0
-0.896853 0.442228 -0.00941366 17.6247 -0.442237 -0.896898 -0.00122008 394.073 -0.00898265 0.00306883 0.999955 0
